3.062;-25.700;4.488;-22.900;0.000;0.000;1.000;0.000;1.000;0.000;1.000;0.000;0.000
3.190;-25.700;2.977;-22.900;0.000;0.000;1.000;0.000;1.000;0.000;1.000;0.000;0.000
3.326;-25.700;2.489;-22.900;0.000;0.000;1.000;0.000;1.000;0.000;1.000;0.000;0.000
3.429;-25.700;2.472;-22.900;0.174;-0.822;0.542;0.252;0.569;0.783;0.952;0.000;-0.306
3.535;-25.700;2.472;-22.900;-0.151;-0.961;0.231;-0.525;0.276;0.805;0.837;0.000;0.547
3.641;-25.700;2.472;-22.900;-0.204;-0.945;0.255;-0.591;0.326;0.738;0.781;0.000;0.625
3.742;-25.700;2.472;-22.900;-0.319;-0.870;0.377;-0.562;0.493;0.664;0.763;0.000;0.646
3.846;-25.700;2.472;-22.900;-0.569;-0.784;0.246;-0.720;0.620;0.311;0.396;0.000;0.918
3.946;-25.700;2.472;-22.900;-0.648;-0.746;0.153;-0.726;0.666;0.171;0.230;0.000;0.973
4.047;-25.700;2.472;-22.900;-0.648;-0.746;0.153;-0.726;0.666;0.171;0.230;0.000;0.973
4.153;-25.700;2.472;-22.900;-0.648;-0.746;0.153;-0.726;0.666;0.171;0.230;0.000;0.973
4.255;-25.700;2.472;-22.900;-0.695;-0.682;-0.230;-0.647;0.732;-0.214;-0.315;0.000;0.949
4.364;-25.700;2.470;-22.900;-0.643;-0.651;-0.403;-0.552;0.759;-0.346;-0.531;0.000;0.848
4.464;-25.700;2.462;-22.900;-0.643;-0.651;-0.403;-0.552;0.759;-0.346;-0.531;0.000;0.848
4.573;-25.700;2.461;-22.900;-0.643;-0.651;-0.403;-0.552;0.759;-0.346;-0.531;0.000;0.848
4.678;-25.700;2.461;-22.900;-0.643;-0.651;-0.403;-0.552;0.759;-0.346;-0.531;0.000;0.848
4.779;-25.700;2.461;-22.900;-0.715;-0.603;-0.353;-0.541;0.798;-0.267;-0.443;0.000;0.897
4.884;-25.700;2.461;-22.900;-0.776;-0.603;-0.187;-0.586;0.798;-0.142;-0.235;0.000;0.972
4.984;-25.700;2.461;-22.900;-0.786;-0.615;-0.067;-0.613;0.789;-0.052;-0.085;0.000;0.996
5.088;-25.700;2.461;-22.900;-0.787;-0.615;-0.047;-0.614;0.789;-0.037;-0.060;0.000;0.998
5.188;-25.700;2.461;-22.900;-0.787;-0.615;-0.047;-0.614;0.789;-0.037;-0.060;0.000;0.998
5.291;-25.700;2.461;-22.900;-0.794;-0.607;-0.028;-0.606;0.795;-0.021;-0.035;0.000;0.999
5.396;-25.700;2.461;-22.900;-0.815;-0.580;0.000;-0.580;0.815;0.000;-0.001;0.000;1.000
5.500;-25.700;2.461;-22.900;-0.827;-0.562;0.018;-0.561;0.827;0.012;0.021;0.000;1.000
5.601;-25.700;2.461;-22.900;-0.830;-0.557;0.022;-0.557;0.831;0.015;0.027;0.000;1.000
5.704;-25.700;2.461;-22.900;-0.830;-0.557;0.022;-0.557;0.831;0.015;0.027;0.000;1.000
5.917;-25.700;2.461;-22.900;-0.830;-0.557;0.022;-0.557;0.831;0.015;0.027;0.000;1.000
6.021;-25.700;2.281;-22.900;-0.830;-0.557;0.022;-0.557;0.831;0.015;0.027;0.000;1.000
6.125;-25.700;2.281;-22.900;-0.830;-0.557;0.022;-0.557;0.831;0.015;0.027;0.000;1.000
6.228;-25.700;2.281;-22.900;-0.830;-0.557;0.022;-0.557;0.831;0.015;0.027;0.000;1.000
6.329;-25.700;2.281;-22.900;-0.830;-0.557;0.022;-0.557;0.831;0.015;0.027;0.000;1.000
6.437;-25.700;2.279;-22.900;-0.830;-0.557;0.022;-0.557;0.831;0.015;0.027;0.000;1.000
6.538;-25.700;2.279;-22.900;-0.830;-0.557;0.022;-0.557;0.831;0.015;0.027;0.000;1.000
6.639;-25.700;2.279;-22.900;-0.830;-0.557;0.022;-0.557;0.831;0.015;0.027;0.000;1.000
6.745;-25.700;2.279;-22.900;-0.830;-0.557;0.022;-0.557;0.831;0.015;0.027;0.000;1.000
6.849;-25.700;2.279;-22.900;-0.830;-0.557;0.022;-0.557;0.831;0.015;0.027;0.000;1.000
6.955;-25.700;2.279;-22.900;-0.830;-0.557;0.022;-0.557;0.831;0.015;0.027;0.000;1.000
7.059;-25.700;2.279;-22.900;-0.830;-0.557;0.022;-0.557;0.831;0.015;0.027;0.000;1.000
7.164;-25.700;2.279;-22.900;-0.830;-0.557;0.022;-0.557;0.831;0.015;0.027;0.000;1.000
7.270;-25.700;2.278;-22.900;-0.830;-0.557;0.022;-0.557;0.831;0.015;0.027;0.000;1.000
7.373;-25.700;2.278;-22.900;-0.830;-0.557;0.022;-0.557;0.831;0.015;0.027;0.000;1.000
7.478;-25.700;2.278;-22.900;-0.830;-0.557;0.022;-0.557;0.831;0.015;0.027;0.000;1.000
7.585;-25.700;2.278;-22.900;-0.830;-0.557;0.022;-0.557;0.831;0.015;0.027;0.000;1.000
7.817;-25.700;2.278;-22.900;-0.830;-0.557;0.022;-0.557;0.831;0.015;0.027;0.000;1.000
7.918;-25.700;2.080;-22.900;-0.830;-0.557;0.022;-0.557;0.831;0.015;0.027;0.000;1.000
8.020;-25.700;2.080;-22.900;0.681;0.731;-0.037;-0.730;0.682;0.039;-0.054;0.000;-0.999
8.120;-25.700;2.080;-22.900;0.672;0.736;-0.082;-0.731;0.677;0.089;-0.121;0.000;-0.993
8.222;-25.700;2.080;-22.900;0.631;0.769;-0.103;-0.758;0.640;0.124;-0.162;0.000;-0.987
8.324;-25.700;2.080;-22.900;0.519;0.807;-0.281;-0.710;0.590;0.384;-0.476;0.000;-0.879
8.426;-25.700;2.080;-22.900;0.381;0.755;-0.534;-0.439;0.656;0.615;-0.814;0.000;-0.581
8.529;-25.700;2.080;-22.900;0.375;0.752;-0.543;-0.427;0.660;0.619;-0.823;0.000;-0.568
8.629;-25.700;2.080;-22.900;0.375;0.752;-0.543;-0.427;0.660;0.619;-0.823;0.000;-0.568
8.736;-25.700;2.080;-22.900;-0.441;0.058;-0.895;0.026;0.998;0.052;-0.897;0.000;0.442
8.840;-25.700;2.080;-22.900;-0.582;-0.138;-0.801;-0.081;0.990;-0.112;-0.809;0.000;0.588
8.941;-25.700;2.080;-22.900;-0.630;-0.149;-0.762;-0.095;0.989;-0.115;-0.771;0.000;0.637
9.043;-25.700;2.080;-22.900;-0.884;-0.163;-0.437;-0.146;0.987;-0.072;-0.443;0.000;0.896
9.151;-25.700;2.080;-22.900;-0.953;-0.301;0.003;-0.301;0.953;0.001;0.004;0.000;1.000
9.255;-25.814;2.080;-22.879;-0.924;-0.335;0.186;-0.329;0.942;0.066;0.197;0.000;0.980
9.360;-26.125;2.080;-22.816;-0.924;-0.335;0.186;-0.329;0.942;0.066;0.197;0.000;0.980
9.473;-26.611;2.080;-22.718;-0.924;-0.335;0.186;-0.329;0.942;0.066;0.197;0.000;0.980
9.579;-27.294;2.080;-22.626;-0.946;-0.312;-0.085;-0.311;0.950;-0.028;-0.090;0.000;0.996
9.682;-27.868;2.080;-22.832;-0.878;-0.300;-0.372;-0.277;0.954;-0.117;-0.390;0.000;0.921
9.787;-28.453;2.080;-23.088;-0.866;-0.300;-0.400;-0.273;0.954;-0.126;-0.420;0.000;0.908
9.889;-29.078;2.080;-23.210;-0.857;-0.300;-0.418;-0.270;0.954;-0.132;-0.438;0.000;0.899
9.994;-29.803;2.080;-23.169;-0.855;-0.300;-0.424;-0.269;0.954;-0.133;-0.444;0.000;0.896
10.097;-30.591;2.080;-22.959;-0.855;-0.300;-0.424;-0.269;0.954;-0.133;-0.444;0.000;0.896
10.200;-31.427;2.080;-22.677;-0.855;-0.300;-0.424;-0.269;0.954;-0.133;-0.444;0.000;0.896
10.303;-32.255;2.080;-22.433;-0.777;-0.255;-0.575;-0.205;0.967;-0.152;-0.595;0.000;0.804
10.405;-33.102;2.080;-22.555;-0.427;-0.255;-0.867;-0.113;0.967;-0.229;-0.897;0.000;0.442
10.511;-33.945;2.080;-22.876;-0.386;-0.255;-0.887;-0.102;0.967;-0.234;-0.917;0.000;0.399
10.612;-34.741;2.080;-23.189;-0.386;-0.255;-0.887;-0.102;0.967;-0.234;-0.917;0.000;0.399
10.720;-35.582;2.080;-23.533;-0.213;-0.293;-0.932;-0.065;0.956;-0.286;-0.975;0.000;0.223
10.822;-35.914;2.080;-24.320;0.662;-0.147;-0.735;0.098;0.989;-0.109;-0.743;0.000;-0.670
10.927;-35.858;2.080;-25.214;0.820;-0.022;-0.573;0.018;1.000;-0.013;-0.573;0.000;-0.820
11.032;-35.659;2.080;-26.067;0.865;-0.004;-0.502;0.003;1.000;-0.002;-0.502;0.000;-0.865
11.136;-35.429;2.080;-26.931;0.865;-0.004;-0.502;0.003;1.000;-0.002;-0.502;0.000;-0.865
11.240;-35.204;2.080;-27.777;0.865;-0.004;-0.502;0.003;1.000;-0.002;-0.502;0.000;-0.865
11.341;-34.931;2.080;-28.531;0.865;-0.004;-0.502;0.003;1.000;-0.002;-0.502;0.000;-0.865
11.446;-34.572;2.080;-29.130;0.849;-0.046;-0.526;0.039;0.999;-0.024;-0.526;0.000;-0.850
11.551;-34.111;2.080;-29.576;0.848;-0.069;-0.525;0.059;0.998;-0.036;-0.526;0.000;-0.850
11.656;-33.567;2.080;-29.921;0.845;-0.069;-0.530;0.059;0.998;-0.037;-0.531;0.000;-0.847
11.759;-33.043;2.080;-30.256;0.836;-0.076;-0.544;0.064;0.997;-0.042;-0.545;0.000;-0.838
11.864;-32.528;2.080;-30.593;0.833;-0.076;-0.548;0.064;0.997;-0.042;-0.550;0.000;-0.835
11.966;-32.020;2.080;-30.930;0.830;-0.076;-0.553;0.064;0.997;-0.042;-0.555;0.000;-0.832
12.069;-31.529;2.080;-31.300;0.758;-0.157;-0.633;0.121;0.988;-0.101;-0.641;0.000;-0.767
12.171;-31.056;2.080;-31.708;0.743;-0.164;-0.649;0.124;0.986;-0.108;-0.658;0.000;-0.753
12.273;-30.593;2.080;-32.115;0.739;-0.164;-0.654;0.123;0.986;-0.109;-0.663;0.000;-0.749
12.374;-30.146;2.080;-32.517;0.734;-0.164;-0.659;0.122;0.986;-0.110;-0.668;0.000;-0.744
12.476;-29.686;2.080;-32.929;0.734;-0.164;-0.659;0.122;0.986;-0.110;-0.668;0.000;-0.744
12.577;-29.234;2.080;-33.336;0.734;-0.164;-0.659;0.122;0.986;-0.110;-0.668;0.000;-0.744
12.681;-28.783;2.080;-33.740;0.734;-0.164;-0.659;0.122;0.986;-0.110;-0.668;0.000;-0.744
12.782;-28.328;2.080;-34.149;0.734;-0.164;-0.659;0.122;0.986;-0.110;-0.668;0.000;-0.744
12.883;-27.878;2.080;-34.553;0.734;-0.164;-0.659;0.122;0.986;-0.110;-0.668;0.000;-0.744
12.984;-27.426;2.080;-34.959;0.734;-0.164;-0.659;0.122;0.986;-0.110;-0.668;0.000;-0.744
13.091;-26.953;2.080;-35.384;0.734;-0.164;-0.659;0.122;0.986;-0.110;-0.668;0.000;-0.744
13.195;-26.487;2.080;-35.803;0.734;-0.164;-0.659;0.122;0.986;-0.110;-0.668;0.000;-0.744
13.297;-26.033;2.080;-36.215;0.710;-0.164;-0.685;0.118;0.986;-0.114;-0.694;0.000;-0.720
13.400;-25.656;2.080;-36.701;0.509;-0.198;-0.838;0.103;0.980;-0.170;-0.855;0.000;-0.519
13.501;-25.358;2.080;-37.237;0.426;-0.209;-0.880;0.091;0.978;-0.188;-0.900;0.000;-0.436
13.605;-25.097;2.080;-37.812;0.397;-0.209;-0.894;0.085;0.978;-0.191;-0.914;0.000;-0.406
13.709;-24.809;2.080;-38.363;0.392;-0.209;-0.896;0.084;0.978;-0.192;-0.916;0.000;-0.400
13.814;-24.358;2.080;-38.845;0.367;-0.209;-0.906;0.079;0.978;-0.194;-0.927;0.000;-0.376
13.917;-23.754;2.080;-39.274;0.333;-0.209;-0.919;0.071;0.978;-0.197;-0.940;0.000;-0.341
14.021;-22.966;2.080;-39.677;0.314;-0.209;-0.926;0.067;0.978;-0.198;-0.947;0.000;-0.321
14.127;-22.174;2.080;-40.078;0.298;-0.209;-0.931;0.064;0.978;-0.199;-0.953;0.000;-0.304
14.234;-21.401;2.080;-40.519;0.206;-0.182;-0.962;0.038;0.983;-0.178;-0.978;0.000;-0.209
14.339;-20.706;2.080;-41.098;0.011;-0.070;-0.998;0.001;0.998;-0.070;-1.000;0.000;-0.011
14.443;-20.084;2.080;-41.734;-0.018;-0.070;-0.997;-0.001;0.998;-0.070;-1.000;0.000;0.018
14.543;-19.498;2.080;-42.354;-0.043;-0.070;-0.997;-0.003;0.998;-0.070;-0.999;0.000;0.043
14.652;-18.912;2.080;-43.034;-0.087;-0.070;-0.994;-0.006;0.998;-0.069;-0.996;0.000;0.087
14.771;-18.395;2.080;-43.755;-0.305;-0.070;-0.950;-0.021;0.998;-0.066;-0.952;0.000;0.306
14.877;-18.046;2.080;-44.662;-0.368;-0.070;-0.927;-0.026;0.998;-0.065;-0.929;0.000;0.369
14.979;-17.951;2.080;-45.362;-0.375;-0.070;-0.924;-0.026;0.998;-0.065;-0.927;0.000;0.376
15.083;-18.038;2.080;-46.013;-0.375;-0.070;-0.924;-0.026;0.998;-0.065;-0.927;0.000;0.376
15.188;-18.263;2.080;-46.594;-0.375;-0.070;-0.924;-0.026;0.998;-0.065;-0.927;0.000;0.376
15.292;-18.499;2.080;-47.174;-0.375;-0.070;-0.924;-0.026;0.998;-0.065;-0.927;0.000;0.376
15.398;-18.724;2.080;-47.756;-0.278;-0.094;-0.956;-0.026;0.996;-0.090;-0.960;0.000;0.279
15.499;-18.809;2.080;-48.360;-0.087;-0.094;-0.992;-0.008;0.996;-0.094;-0.996;0.000;0.087
15.604;-18.832;2.080;-49.001;0.012;-0.105;-0.994;0.001;0.995;-0.105;-1.000;0.000;-0.012
15.707;-18.811;2.080;-49.618;0.047;-0.105;-0.993;0.005;0.995;-0.105;-0.999;0.000;-0.047
15.811;-18.782;2.080;-50.191;0.052;-0.105;-0.993;0.005;0.995;-0.105;-0.999;0.000;-0.052
15.923;-18.751;2.080;-50.803;0.052;-0.105;-0.993;0.005;0.995;-0.105;-0.999;0.000;-0.052
16.031;-18.715;2.080;-51.479;0.052;-0.105;-0.993;0.005;0.995;-0.105;-0.999;0.000;-0.052
16.134;-18.679;2.080;-52.179;0.051;-0.125;-0.991;0.006;0.992;-0.124;-0.999;0.000;-0.052
16.235;-18.649;2.080;-52.768;0.051;-0.125;-0.991;0.006;0.992;-0.124;-0.999;0.000;-0.052
16.340;-18.615;2.080;-53.408;0.051;-0.131;-0.990;0.007;0.991;-0.131;-0.999;0.000;-0.052
16.443;-18.583;2.080;-54.023;0.051;-0.131;-0.990;0.007;0.991;-0.131;-0.999;0.000;-0.052
16.548;-18.551;2.080;-54.639;0.051;-0.141;-0.989;0.007;0.990;-0.141;-0.999;0.000;-0.052
16.651;-18.519;2.080;-55.258;0.051;-0.146;-0.988;0.008;0.989;-0.145;-0.999;0.000;-0.052
16.755;-18.486;2.080;-55.898;0.051;-0.146;-0.988;0.008;0.989;-0.145;-0.999;0.000;-0.052
16.860;-18.453;2.080;-56.525;0.051;-0.151;-0.987;0.008;0.989;-0.151;-0.999;0.000;-0.052
16.962;-18.422;2.080;-57.129;0.051;-0.151;-0.987;0.008;0.989;-0.151;-0.999;0.000;-0.052
17.063;-18.391;2.080;-57.725;0.051;-0.151;-0.987;0.008;0.989;-0.151;-0.999;0.000;-0.052
17.168;-18.358;2.080;-58.362;0.051;-0.151;-0.987;0.008;0.989;-0.151;-0.999;0.000;-0.052
17.272;-18.326;2.080;-58.989;0.051;-0.151;-0.987;0.008;0.989;-0.151;-0.999;0.000;-0.052
17.373;-18.293;2.080;-59.607;0.051;-0.151;-0.987;0.008;0.989;-0.151;-0.999;0.000;-0.052
17.474;-18.262;2.080;-60.206;0.051;-0.151;-0.987;0.008;0.989;-0.151;-0.999;0.000;-0.052
17.581;-18.230;2.080;-60.835;0.051;-0.151;-0.987;0.008;0.989;-0.151;-0.999;0.000;-0.052
17.682;-18.198;2.080;-61.441;0.051;-0.151;-0.987;0.008;0.989;-0.151;-0.999;0.000;-0.052
17.782;-18.167;2.080;-62.046;0.051;-0.151;-0.987;0.008;0.989;-0.151;-0.999;0.000;-0.052
17.884;-18.135;2.080;-62.660;0.051;-0.151;-0.987;0.008;0.989;-0.151;-0.999;0.000;-0.052
17.989;-18.102;2.080;-63.292;0.051;-0.151;-0.987;0.008;0.989;-0.151;-0.999;0.000;-0.052
18.093;-18.070;2.080;-63.910;0.051;-0.151;-0.987;0.008;0.989;-0.151;-0.999;0.000;-0.052
18.193;-18.039;2.080;-64.517;0.051;-0.151;-0.987;0.008;0.989;-0.151;-0.999;0.000;-0.052
18.298;-18.007;2.080;-65.130;0.051;-0.151;-0.987;0.008;0.989;-0.151;-0.999;0.000;-0.052
18.399;-17.975;2.080;-65.733;0.051;-0.151;-0.987;0.008;0.989;-0.151;-0.999;0.000;-0.052
18.500;-17.944;2.080;-66.347;0.051;-0.151;-0.987;0.008;0.989;-0.151;-0.999;0.000;-0.052
18.602;-17.912;2.080;-66.959;0.051;-0.151;-0.987;0.008;0.989;-0.151;-0.999;0.000;-0.052
18.705;-17.879;2.080;-67.585;0.051;-0.151;-0.987;0.008;0.989;-0.151;-0.999;0.000;-0.052
18.813;-17.848;2.080;-68.180;0.051;-0.151;-0.987;0.008;0.989;-0.151;-0.999;0.000;-0.052
18.915;-17.814;2.080;-68.836;0.051;-0.151;-0.987;0.008;0.989;-0.151;-0.999;0.000;-0.052
19.016;-17.783;2.080;-69.441;0.051;-0.151;-0.987;0.008;0.989;-0.151;-0.999;0.000;-0.052
19.118;-17.759;2.080;-69.909;0.051;-0.151;-0.987;0.008;0.989;-0.151;-0.999;0.000;-0.052
19.221;-17.749;2.080;-70.192;-0.096;-0.188;-0.977;-0.018;0.982;-0.187;-0.995;0.000;0.098
19.323;-17.772;2.080;-70.303;-0.265;-0.220;-0.939;-0.060;0.976;-0.211;-0.962;0.000;0.272
19.425;-17.843;2.080;-70.509;-0.351;-0.229;-0.908;-0.083;0.973;-0.214;-0.933;0.000;0.361
19.531;-17.999;2.080;-70.897;-0.366;-0.229;-0.902;-0.086;0.973;-0.213;-0.927;0.000;0.376
19.632;-18.217;2.080;-71.425;-0.371;-0.229;-0.900;-0.087;0.973;-0.212;-0.925;0.000;0.381
19.734;-18.454;2.080;-72.001;-0.371;-0.229;-0.900;-0.087;0.973;-0.212;-0.925;0.000;0.381
19.839;-18.696;2.080;-72.582;-0.376;-0.229;-0.898;-0.089;0.973;-0.212;-0.922;0.000;0.386
19.943;-18.940;2.080;-73.166;-0.376;-0.229;-0.898;-0.089;0.973;-0.212;-0.922;0.000;0.386
20.045;-19.174;2.080;-73.718;-0.401;-0.229;-0.887;-0.095;0.973;-0.209;-0.911;0.000;0.412
20.148;-19.396;2.080;-74.131;-0.520;-0.229;-0.823;-0.122;0.973;-0.194;-0.846;0.000;0.534
20.250;-19.574;2.080;-74.352;-0.712;-0.286;-0.642;-0.213;0.958;-0.192;-0.670;0.000;0.743
20.351;-19.646;2.080;-74.412;-0.749;-0.286;-0.598;-0.224;0.958;-0.179;-0.624;0.000;0.781
20.451;-19.658;2.080;-74.421;-0.749;-0.286;-0.598;-0.224;0.958;-0.179;-0.624;0.000;0.781
20.551;-19.790;2.080;-74.527;-0.749;-0.286;-0.598;-0.224;0.958;-0.179;-0.624;0.000;0.781
20.651;-20.062;2.080;-74.744;-0.749;-0.286;-0.598;-0.224;0.958;-0.179;-0.624;0.000;0.781
20.754;-20.482;2.080;-75.082;-0.742;-0.286;-0.607;-0.222;0.958;-0.181;-0.633;0.000;0.774
20.858;-20.966;2.080;-75.479;-0.739;-0.286;-0.610;-0.221;0.958;-0.182;-0.636;0.000;0.771
20.964;-21.446;2.080;-75.877;-0.735;-0.286;-0.614;-0.220;0.958;-0.184;-0.641;0.000;0.768
21.066;-21.917;2.080;-76.270;-0.735;-0.286;-0.614;-0.220;0.958;-0.184;-0.641;0.000;0.768
21.169;-22.400;2.080;-76.674;-0.735;-0.286;-0.614;-0.220;0.958;-0.184;-0.641;0.000;0.768
21.270;-22.864;2.080;-77.060;-0.735;-0.286;-0.614;-0.220;0.958;-0.184;-0.641;0.000;0.768
21.372;-23.340;2.080;-77.458;-0.735;-0.286;-0.614;-0.220;0.958;-0.184;-0.641;0.000;0.768
21.475;-23.810;2.080;-77.851;-0.735;-0.286;-0.614;-0.220;0.958;-0.184;-0.641;0.000;0.768
21.579;-24.287;2.080;-78.248;-0.735;-0.286;-0.614;-0.220;0.958;-0.184;-0.641;0.000;0.768
21.681;-24.752;2.080;-78.637;-0.735;-0.286;-0.614;-0.220;0.958;-0.184;-0.641;0.000;0.768
21.785;-25.254;2.080;-79.003;-0.847;-0.275;-0.455;-0.242;0.961;-0.130;-0.473;0.000;0.881
21.888;-25.825;2.080;-79.272;-0.881;-0.266;-0.392;-0.243;0.964;-0.108;-0.407;0.000;0.913
21.989;-26.375;2.080;-79.515;-0.882;-0.266;-0.389;-0.243;0.964;-0.107;-0.404;0.000;0.915
22.093;-26.955;2.080;-79.755;-0.924;-0.223;-0.310;-0.212;0.975;-0.071;-0.318;0.000;0.948
22.193;-27.529;2.080;-79.933;-0.952;-0.102;-0.287;-0.098;0.995;-0.029;-0.289;0.000;0.957
22.298;-28.117;2.080;-80.125;-0.941;-0.025;-0.336;-0.024;1.000;-0.009;-0.336;0.000;0.942
22.401;-28.690;2.080;-80.355;-0.907;-0.014;-0.422;-0.012;1.000;-0.006;-0.422;0.000;0.907
22.503;-29.206;2.080;-80.702;-0.778;-0.011;-0.628;-0.008;1.000;-0.007;-0.628;0.000;0.779
22.605;-29.662;2.080;-81.118;-0.707;-0.050;-0.705;-0.035;0.999;-0.035;-0.706;0.000;0.708
22.710;-30.082;2.080;-81.569;-0.669;-0.066;-0.740;-0.045;0.998;-0.049;-0.742;0.000;0.670
22.812;-30.494;2.080;-82.026;-0.667;-0.066;-0.743;-0.044;0.998;-0.049;-0.744;0.000;0.668
22.916;-30.904;2.080;-82.487;-0.668;-0.066;-0.741;-0.045;0.998;-0.049;-0.742;0.000;0.670
23.020;-31.371;2.080;-82.917;-0.790;-0.066;-0.609;-0.053;0.998;-0.041;-0.610;0.000;0.792
23.124;-31.870;2.080;-83.280;-0.832;-0.103;-0.546;-0.086;0.995;-0.056;-0.549;0.000;0.836
23.225;-32.406;2.080;-83.578;-0.886;-0.132;-0.445;-0.118;0.991;-0.059;-0.449;0.000;0.894
23.326;-32.955;2.080;-83.841;-0.896;-0.140;-0.422;-0.127;0.990;-0.060;-0.426;0.000;0.905
23.431;-33.506;2.080;-84.101;-0.896;-0.140;-0.422;-0.127;0.990;-0.060;-0.426;0.000;0.905
23.533;-34.077;2.080;-84.367;-0.898;-0.140;-0.418;-0.127;0.990;-0.059;-0.422;0.000;0.907
23.637;-34.652;2.080;-84.599;-0.939;-0.165;-0.301;-0.157;0.986;-0.051;-0.306;0.000;0.952
23.738;-35.237;2.080;-84.766;-0.952;-0.165;-0.259;-0.159;0.986;-0.043;-0.263;0.000;0.965
23.840;-35.833;2.080;-84.929;-0.952;-0.165;-0.259;-0.159;0.986;-0.043;-0.263;0.000;0.965
23.944;-36.430;2.080;-85.085;-0.965;-0.130;-0.228;-0.127;0.991;-0.030;-0.230;0.000;0.973
24.050;-37.040;2.080;-85.226;-0.971;-0.091;-0.221;-0.089;0.996;-0.020;-0.222;0.000;0.975
24.151;-37.633;2.080;-85.340;-0.983;0.027;-0.180;0.026;1.000;0.005;-0.180;0.000;0.984
24.252;-38.240;2.080;-85.451;-0.983;0.033;-0.180;0.032;0.999;0.006;-0.180;0.000;0.984
24.352;-38.835;2.080;-85.560;-0.983;0.033;-0.180;0.032;0.999;0.006;-0.180;0.000;0.984
24.453;-39.422;2.080;-85.643;-0.995;0.059;-0.086;0.059;0.998;0.005;-0.086;0.000;0.996
24.555;-40.042;2.080;-85.587;-0.985;-0.016;0.171;-0.016;1.000;0.003;0.171;0.000;0.985
24.657;-40.618;2.080;-85.410;-0.889;-0.050;0.455;-0.044;0.999;0.023;0.456;0.000;0.890
24.759;-41.136;2.080;-85.094;-0.835;-0.055;0.548;-0.046;0.999;0.030;0.549;0.000;0.836
24.866;-41.665;2.080;-84.741;-0.828;-0.055;0.558;-0.045;0.999;0.031;0.559;0.000;0.829
24.967;-42.172;2.080;-84.400;-0.828;-0.055;0.558;-0.045;0.999;0.031;0.559;0.000;0.829
25.068;-42.670;2.080;-84.064;-0.828;-0.055;0.558;-0.045;0.999;0.031;0.559;0.000;0.829
25.172;-43.174;2.080;-83.724;-0.828;-0.055;0.558;-0.045;0.999;0.031;0.559;0.000;0.829
25.273;-43.696;2.080;-83.384;-0.845;-0.234;0.481;-0.204;0.972;0.116;0.495;0.000;0.869
25.376;-44.253;2.080;-83.099;-0.871;-0.289;0.398;-0.263;0.957;0.120;0.416;0.000;0.909
25.479;-44.798;2.080;-82.769;-0.932;-0.327;0.155;-0.322;0.945;0.054;0.164;0.000;0.986
25.583;-45.371;2.080;-82.345;-0.941;-0.327;0.084;-0.325;0.945;0.029;0.088;0.000;0.996
25.687;-46.007;2.080;-81.801;-0.947;-0.317;-0.054;-0.316;0.949;-0.018;-0.057;0.000;0.998
25.788;-46.660;2.080;-81.239;-0.945;-0.317;-0.077;-0.316;0.949;-0.026;-0.081;0.000;0.997
25.890;-47.326;2.080;-80.675;-0.945;-0.317;-0.083;-0.315;0.949;-0.028;-0.087;0.000;0.996
25.996;-47.997;2.080;-80.158;-0.945;-0.311;-0.105;-0.309;0.951;-0.034;-0.110;0.000;0.994
26.097;-48.657;2.080;-79.884;-0.975;-0.113;-0.189;-0.111;0.994;-0.021;-0.190;0.000;0.982
26.197;-49.284;2.080;-79.801;-0.980;-0.055;-0.190;-0.054;0.999;-0.010;-0.190;0.000;0.982
26.301;-49.913;2.080;-79.887;-0.986;-0.029;-0.165;-0.029;1.000;-0.005;-0.165;0.000;0.986
26.402;-50.508;2.080;-79.953;-0.993;-0.104;-0.064;-0.104;0.995;-0.007;-0.064;0.000;0.998
26.502;-51.117;2.080;-79.980;-0.985;-0.170;-0.037;-0.170;0.985;-0.006;-0.038;0.000;0.999
26.604;-51.723;2.080;-80.000;-0.983;-0.182;-0.029;-0.182;0.983;-0.005;-0.029;0.000;1.000
26.704;-52.329;2.080;-80.006;-0.983;-0.182;0.013;-0.182;0.983;0.002;0.013;0.000;1.000
26.806;-52.938;2.080;-79.996;-0.983;-0.182;0.017;-0.182;0.983;0.003;0.017;0.000;1.000
26.907;-53.540;2.080;-79.984;-0.983;-0.182;0.021;-0.182;0.983;0.004;0.021;0.000;1.000
27.009;-54.158;2.080;-79.971;-0.983;-0.182;0.021;-0.182;0.983;0.004;0.021;0.000;1.000
27.113;-54.754;3.082;-79.958;-0.983;-0.182;0.021;-0.182;0.983;0.004;0.021;0.000;1.000
27.215;-55.199;3.157;-79.949;-0.983;-0.182;0.021;-0.182;0.983;0.004;0.021;0.000;1.000
27.316;-55.461;3.066;-79.943;-0.983;-0.182;0.021;-0.182;0.983;0.004;0.021;0.000;1.000
27.416;-55.536;3.016;-79.942;-0.983;-0.182;0.021;-0.182;0.983;0.004;0.021;0.000;1.000
27.520;-55.537;3.015;-79.942;-0.983;-0.182;0.021;-0.182;0.983;0.004;0.021;0.000;1.000
27.620;-55.653;2.906;-79.939;-0.983;-0.182;0.021;-0.182;0.983;0.004;0.021;0.000;1.000
27.725;-55.960;2.487;-79.933;-0.983;-0.182;0.021;-0.182;0.983;0.004;0.021;0.000;1.000
27.830;-56.050;2.487;-79.888;-0.983;-0.182;0.021;-0.182;0.983;0.004;0.021;0.000;1.000
27.934;-56.060;2.487;-79.845;-0.983;-0.182;0.025;-0.182;0.983;0.005;0.026;0.000;1.000
28.036;-56.061;2.487;-79.844;-0.983;-0.182;0.031;-0.182;0.983;0.006;0.031;0.000;1.000
28.138;-56.066;2.487;-79.827;-0.983;-0.182;0.036;-0.182;0.983;0.007;0.037;0.000;0.999
28.240;-56.121;2.487;-79.720;-0.971;-0.196;0.141;-0.194;0.981;0.028;0.144;0.000;0.990
28.342;-56.122;2.487;-79.677;-0.961;-0.200;0.192;-0.196;0.980;0.039;0.196;0.000;0.981
28.449;-56.125;2.487;-79.594;-0.940;-0.235;0.246;-0.228;0.972;0.060;0.253;0.000;0.967
28.553;-56.137;2.487;-79.409;-0.601;-0.343;0.721;-0.220;0.939;0.264;0.768;0.000;0.640
28.656;-56.126;2.487;-79.222;-0.389;-0.391;0.834;-0.165;0.920;0.354;0.906;0.000;0.423
28.764;-56.122;2.487;-79.184;-0.383;-0.391;0.837;-0.163;0.920;0.356;0.909;0.000;0.417
28.869;-56.077;2.487;-79.245;-0.690;-0.479;0.542;-0.377;0.878;0.296;0.618;0.000;0.786
28.970;-55.819;2.487;-79.227;-0.861;-0.410;-0.301;-0.387;0.912;-0.135;-0.330;0.000;0.944
29.071;-55.457;2.487;-78.980;-0.653;-0.447;-0.611;-0.327;0.894;-0.305;-0.683;0.000;0.731
29.173;-55.041;2.487;-78.537;-0.609;-0.447;-0.655;-0.305;0.894;-0.328;-0.732;0.000;0.681
29.277;-54.647;2.487;-78.113;-0.609;-0.447;-0.655;-0.305;0.894;-0.328;-0.732;0.000;0.681
29.381;-54.469;2.487;-77.779;0.112;-0.564;-0.818;0.077;0.826;-0.559;-0.991;0.000;-0.136
29.484;-54.559;2.487;-77.591;0.458;-0.553;-0.696;0.304;0.833;-0.462;-0.835;0.000;-0.550
29.584;-54.577;2.487;-77.566;0.572;-0.553;-0.606;0.380;0.833;-0.402;-0.727;0.000;-0.687
29.688;-54.577;2.487;-77.566;0.610;-0.553;-0.567;0.405;0.833;-0.377;-0.681;0.000;-0.732
29.792;-54.538;2.487;-77.599;0.628;-0.553;-0.547;0.417;0.833;-0.364;-0.657;0.000;-0.754
29.894;-54.337;2.487;-77.718;0.802;-0.510;-0.312;0.475;0.860;-0.185;-0.363;0.000;-0.932
29.998;-53.938;2.487;-77.854;0.826;-0.492;-0.275;0.467;0.871;-0.156;-0.316;0.000;-0.949
30.100;-53.384;2.487;-78.039;0.826;-0.492;-0.275;0.467;0.871;-0.156;-0.316;0.000;-0.949
30.202;-52.799;2.487;-78.237;0.826;-0.492;-0.275;0.467;0.871;-0.156;-0.316;0.000;-0.949
30.308;-52.176;2.487;-78.257;0.869;-0.289;0.402;0.262;0.957;0.122;0.420;0.000;-0.907
30.416;-51.442;2.487;-78.231;0.799;-0.226;0.557;0.186;0.974;0.129;0.572;0.000;-0.820
30.525;-50.585;2.487;-78.278;0.767;-0.226;0.601;0.178;0.974;0.140;0.617;0.000;-0.787
30.632;-49.674;2.487;-78.389;0.767;-0.226;0.601;0.178;0.974;0.140;0.617;0.000;-0.787
30.733;-48.838;2.487;-78.496;0.771;-0.226;0.595;0.179;0.974;0.138;0.611;0.000;-0.792
30.838;-47.946;2.487;-78.612;0.771;-0.226;0.595;0.179;0.974;0.138;0.611;0.000;-0.792
30.940;-47.078;2.485;-78.724;0.771;-0.226;0.595;0.179;0.974;0.138;0.611;0.000;-0.792
31.042;-46.238;2.484;-78.805;0.683;-0.226;0.694;0.159;0.974;0.161;0.713;0.000;-0.702
31.150;-45.368;2.472;-78.548;0.332;-0.236;0.913;0.081;0.972;0.221;0.940;0.000;-0.342
31.257;-44.651;2.465;-78.133;0.199;-0.236;0.951;0.048;0.972;0.231;0.979;0.000;-0.205
31.366;-43.943;2.443;-77.681;0.199;-0.236;0.951;0.048;0.972;0.231;0.979;0.000;-0.205
31.477;-43.168;2.411;-77.389;0.364;-0.261;0.894;0.099;0.965;0.242;0.926;0.000;-0.377
31.578;-42.545;2.389;-77.549;0.603;-0.304;0.738;0.192;0.953;0.235;0.774;0.000;-0.633
31.698;-41.952;2.360;-77.979;0.620;-0.304;0.724;0.198;0.953;0.231;0.759;0.000;-0.651
31.826;-41.399;2.333;-78.411;0.380;-0.304;0.874;0.121;0.953;0.279;0.917;0.000;-0.399
31.926;-40.973;2.312;-78.430;-0.083;-0.304;0.949;-0.026;0.953;0.303;0.996;0.000;0.087
32.033;-40.730;2.303;-78.401;-0.121;-0.304;0.945;-0.039;0.953;0.301;0.992;0.000;0.127
32.143;-40.704;2.299;-78.398;0.072;-0.227;0.971;0.017;0.974;0.227;0.997;0.000;-0.074
32.248;-40.704;2.289;-78.398;0.234;-0.219;0.947;0.052;0.976;0.212;0.971;0.000;-0.239
32.358;-40.697;2.280;-78.375;0.294;-0.219;0.930;0.066;0.976;0.209;0.953;0.000;-0.302
32.465;-40.635;2.267;-78.182;0.314;-0.219;0.924;0.070;0.976;0.207;0.947;0.000;-0.321
32.571;-40.630;2.261;-77.744;0.345;-0.219;0.913;0.077;0.976;0.205;0.935;0.000;-0.354
32.680;-40.715;2.255;-77.038;0.393;-0.219;0.893;0.088;0.976;0.200;0.915;0.000;-0.403
32.786;-40.842;2.252;-76.199;0.680;-0.117;0.723;0.080;0.993;0.085;0.728;0.000;-0.685
32.886;-40.724;2.252;-75.347;0.895;-0.117;0.430;0.105;0.993;0.051;0.433;0.000;-0.901
32.990;-40.270;2.252;-74.673;0.983;-0.117;0.145;0.116;0.993;0.017;0.146;0.000;-0.989
33.091;-39.682;2.252;-74.304;0.992;-0.117;0.045;0.117;0.993;0.005;0.046;0.000;-0.999
33.194;-39.074;2.252;-74.128;0.992;-0.117;0.045;0.117;0.993;0.005;0.046;0.000;-0.999
33.295;-38.534;2.252;-74.096;0.992;-0.117;0.045;0.117;0.993;0.005;0.046;0.000;-0.999
33.400;-38.170;2.252;-74.079;0.992;-0.117;0.040;0.117;0.993;0.005;0.040;0.000;-0.999
33.502;-37.823;2.252;-74.102;0.988;-0.122;-0.097;0.122;0.992;-0.012;-0.097;0.000;-0.995
33.604;-37.286;2.252;-74.157;0.986;-0.129;-0.109;0.128;0.992;-0.014;-0.110;0.000;-0.994
33.706;-36.674;2.252;-74.225;0.986;-0.129;-0.109;0.128;0.992;-0.014;-0.110;0.000;-0.994
33.808;-36.082;2.252;-74.291;0.986;-0.129;-0.109;0.128;0.992;-0.014;-0.110;0.000;-0.994
33.909;-35.637;2.252;-74.334;0.975;-0.223;0.002;0.223;0.975;0.001;0.002;0.000;-1.000
34.009;-35.453;2.252;-74.176;0.154;-0.656;0.739;0.134;0.755;0.642;0.979;0.000;-0.204
34.117;-35.441;2.252;-74.271;-0.135;-0.656;0.743;-0.117;0.755;0.645;0.984;0.000;0.178
34.224;-35.381;2.252;-74.572;-0.151;-0.656;0.740;-0.131;0.755;0.642;0.980;0.000;0.200
34.324;-35.316;2.252;-74.890;-0.151;-0.656;0.740;-0.131;0.755;0.642;0.980;0.000;0.200
34.431;-35.278;2.252;-75.019;-0.698;-0.492;0.520;-0.395;0.871;0.294;0.598;0.000;0.802
34.534;-35.391;2.252;-74.972;-0.858;-0.392;0.333;-0.365;0.920;0.142;0.362;0.000;0.932
34.635;-35.685;2.252;-74.878;-0.886;-0.392;0.248;-0.377;0.920;0.106;0.269;0.000;0.963
34.740;-35.976;2.252;-74.798;-0.860;-0.423;0.285;-0.402;0.906;0.133;0.315;0.000;0.949
34.846;-36.253;2.252;-74.697;-0.850;-0.423;0.315;-0.397;0.906;0.147;0.347;0.000;0.938
34.949;-36.714;2.252;-74.551;-0.876;-0.423;0.233;-0.409;0.906;0.109;0.257;0.000;0.966
35.052;-37.310;2.252;-74.459;-0.883;-0.423;0.205;-0.412;0.906;0.096;0.226;0.000;0.974
35.155;-37.979;2.252;-74.530;-0.900;-0.331;0.284;-0.316;0.944;0.100;0.301;0.000;0.954
35.260;-38.724;2.252;-74.725;-0.889;-0.306;0.342;-0.286;0.952;0.110;0.359;0.000;0.933
35.361;-39.499;2.252;-75.022;-0.867;-0.261;0.424;-0.235;0.965;0.115;0.439;0.000;0.899
35.462;-40.203;2.252;-75.196;-0.505;-0.092;0.858;-0.046;0.996;0.079;0.862;0.000;0.508
35.564;-40.821;2.243;-75.007;0.097;0.019;0.995;-0.002;1.000;-0.019;0.995;0.000;-0.097
35.670;-41.263;2.232;-74.861;0.162;0.019;0.987;-0.003;1.000;-0.019;0.987;0.000;-0.162
35.775;-41.559;2.230;-74.800;0.221;0.019;0.975;-0.004;1.000;-0.018;0.975;0.000;-0.221
35.877;-41.976;2.226;-74.700;0.242;0.019;0.970;-0.005;1.000;-0.018;0.970;0.000;-0.242
35.981;-42.535;2.226;-74.561;0.241;-0.056;0.969;0.014;0.998;0.054;0.970;0.000;-0.242
36.082;-42.942;2.219;-74.459;0.241;-0.056;0.969;0.014;0.998;0.054;0.970;0.000;-0.242
36.191;-43.154;2.217;-74.285;0.241;-0.074;0.968;0.018;0.997;0.071;0.970;0.000;-0.242
36.292;-43.125;2.212;-73.984;0.240;-0.119;0.963;0.029;0.993;0.115;0.970;0.000;-0.242
36.394;-43.119;2.205;-73.500;-0.075;-0.389;0.918;-0.032;0.921;0.388;0.997;0.000;0.082
36.496;-43.186;2.198;-72.895;-0.116;-0.397;0.910;-0.050;0.918;0.394;0.992;0.000;0.126
36.601;-43.272;2.195;-72.239;-0.332;-0.574;0.749;-0.233;0.819;0.525;0.914;0.000;0.405
36.703;-43.281;2.195;-71.565;-0.434;-0.603;0.669;-0.328;0.797;0.506;0.839;0.000;0.544
36.807;-43.462;2.195;-71.093;-0.686;-0.625;0.373;-0.549;0.781;0.299;0.478;0.000;0.878
36.914;-43.691;2.195;-70.947;-0.741;-0.625;0.245;-0.593;0.781;0.196;0.314;0.000;0.949
37.020;-43.756;2.195;-70.927;-0.758;-0.625;0.189;-0.606;0.781;0.151;0.241;0.000;0.970
37.125;-43.778;2.195;-70.922;-0.765;-0.620;0.176;-0.604;0.785;0.139;0.224;0.000;0.975
37.226;-43.959;2.195;-70.888;-0.814;-0.566;0.134;-0.558;0.825;0.092;0.162;0.000;0.987
37.328;-44.330;2.195;-70.833;-0.875;-0.467;0.129;-0.462;0.884;0.068;0.146;0.000;0.989
37.432;-44.880;2.195;-70.751;-0.877;-0.463;0.130;-0.458;0.886;0.068;0.146;0.000;0.989
37.533;-45.485;2.195;-70.662;-0.880;-0.458;0.130;-0.453;0.889;0.067;0.146;0.000;0.989
37.637;-46.100;2.195;-70.571;-0.880;-0.458;0.130;-0.453;0.889;0.067;0.146;0.000;0.989
37.741;-46.686;2.195;-70.484;-0.880;-0.458;0.130;-0.453;0.889;0.067;0.146;0.000;0.989
37.848;-47.097;2.195;-70.467;-0.767;-0.261;0.586;-0.207;0.965;0.158;0.607;0.000;0.795
37.957;-47.267;2.194;-70.347;0.068;-0.166;0.984;0.011;0.986;0.165;0.998;0.000;-0.069
38.059;-47.260;2.188;-70.327;0.976;-0.168;0.139;0.166;0.986;0.024;0.141;0.000;-0.990
38.161;-47.260;2.188;-70.327;0.958;-0.152;-0.244;0.147;0.988;-0.037;-0.247;0.000;-0.969
38.263;-47.260;2.188;-70.327;0.955;-0.152;-0.253;0.147;0.988;-0.039;-0.256;0.000;-0.967
38.369;-47.260;2.188;-70.327;0.878;-0.125;-0.462;0.111;0.992;-0.058;-0.465;0.000;-0.885
38.472;-47.198;2.188;-70.366;0.838;-0.121;-0.533;0.102;0.993;-0.065;-0.537;0.000;-0.844
38.574;-46.980;2.188;-70.504;0.838;-0.121;-0.533;0.102;0.993;-0.065;-0.537;0.000;-0.844
38.678;-46.575;2.188;-70.716;0.887;-0.226;-0.402;0.206;0.974;-0.093;-0.413;0.000;-0.911
38.784;-46.012;2.188;-70.956;0.897;-0.226;-0.379;0.208;0.974;-0.088;-0.389;0.000;-0.921
38.886;-45.447;2.188;-71.195;0.897;-0.226;-0.379;0.208;0.974;-0.088;-0.389;0.000;-0.921
38.989;-44.864;2.188;-71.441;0.897;-0.226;-0.379;0.208;0.974;-0.088;-0.389;0.000;-0.921
39.094;-44.290;2.188;-71.693;0.842;-0.184;-0.507;0.158;0.983;-0.095;-0.516;0.000;-0.856
39.195;-43.739;2.188;-71.994;0.654;-0.112;-0.748;0.074;0.994;-0.084;-0.753;0.000;-0.658
39.298;-43.132;2.188;-72.300;0.553;-0.108;-0.826;0.060;0.994;-0.089;-0.831;0.000;-0.556
39.400;-42.352;2.188;-72.529;0.553;-0.108;-0.826;0.060;0.994;-0.089;-0.831;0.000;-0.556
39.504;-41.536;2.188;-72.765;0.422;-0.096;-0.901;0.041;0.995;-0.087;-0.906;0.000;-0.424
39.605;-40.998;2.188;-73.237;0.251;-0.088;-0.964;0.022;0.996;-0.085;-0.968;0.000;-0.252
39.707;-40.688;2.188;-73.788;0.226;-0.088;-0.970;0.020;0.996;-0.085;-0.974;0.000;-0.227
39.810;-40.662;2.188;-74.412;0.226;-0.088;-0.970;0.020;0.996;-0.085;-0.974;0.000;-0.227
39.913;-40.819;2.188;-75.077;0.226;-0.088;-0.970;0.020;0.996;-0.085;-0.974;0.000;-0.227
40.018;-41.170;2.187;-75.802;0.226;-0.088;-0.970;0.020;0.996;-0.085;-0.974;0.000;-0.227
40.118;-41.557;2.187;-76.574;0.468;-0.261;-0.844;0.127;0.965;-0.228;-0.874;0.000;-0.485
40.221;-41.668;2.187;-77.445;0.661;-0.311;-0.683;0.217;0.950;-0.224;-0.719;0.000;-0.695
40.325;-41.661;2.187;-78.311;0.690;-0.311;-0.653;0.226;0.950;-0.214;-0.687;0.000;-0.727
40.428;-41.607;2.187;-79.185;0.762;-0.330;-0.558;0.266;0.944;-0.195;-0.591;0.000;-0.807
40.528;-41.314;2.187;-79.978;0.931;-0.341;-0.126;0.338;0.940;-0.046;-0.135;0.000;-0.991
40.632;-40.677;2.187;-80.544;0.932;-0.316;0.178;0.310;0.949;0.059;0.187;0.000;-0.982
40.735;-39.917;2.187;-80.976;0.899;-0.316;0.305;0.299;0.949;0.101;0.321;0.000;-0.947
40.840;-39.088;2.187;-81.298;0.838;-0.316;0.444;0.279;0.949;0.148;0.468;0.000;-0.884
40.944;-38.225;2.187;-81.469;0.765;-0.316;0.562;0.254;0.949;0.187;0.592;0.000;-0.806
41.049;-37.345;2.187;-81.592;0.757;-0.316;0.572;0.252;0.949;0.190;0.603;0.000;-0.797
41.154;-36.460;2.187;-81.715;0.757;-0.316;0.572;0.252;0.949;0.190;0.603;0.000;-0.797
41.258;-35.580;2.187;-81.837;0.757;-0.316;0.572;0.252;0.949;0.190;0.603;0.000;-0.797
41.359;-34.742;2.187;-81.912;0.620;-0.346;0.704;0.229;0.938;0.260;0.750;0.000;-0.661
41.460;-33.917;2.183;-81.781;0.516;-0.346;0.783;0.191;0.938;0.289;0.835;0.000;-0.550
41.561;-33.100;2.173;-81.571;0.389;-0.396;0.832;0.168;0.918;0.358;0.906;0.000;-0.424
41.672;-32.289;2.159;-81.077;0.070;-0.427;0.902;0.033;0.904;0.426;0.997;0.000;-0.077
41.779;-31.696;2.148;-80.398;-0.146;-0.427;0.892;-0.069;0.904;0.421;0.987;0.000;0.161
41.886;-31.263;2.135;-79.602;-0.328;-0.427;0.843;-0.155;0.904;0.398;0.932;0.000;0.363
41.996;-30.899;2.131;-78.735;-0.269;-0.362;0.893;-0.104;0.932;0.346;0.957;0.000;0.289
42.102;-30.243;2.121;-78.133;0.207;-0.273;0.940;0.059;0.962;0.267;0.977;0.000;-0.215
42.212;-29.454;2.109;-77.652;0.234;-0.273;0.933;0.066;0.962;0.265;0.970;0.000;-0.243
42.321;-29.048;2.097;-77.711;0.243;-0.273;0.931;0.069;0.962;0.264;0.968;0.000;-0.252
42.430;-28.315;2.086;-77.635;0.021;-0.273;0.962;0.006;0.962;0.273;1.000;0.000;-0.022
42.538;-27.573;2.080;-77.504;-0.015;-0.273;0.962;-0.004;0.962;0.273;1.000;0.000;0.016
42.641;-26.916;2.080;-77.101;-0.015;-0.273;0.962;-0.004;0.962;0.273;1.000;0.000;0.016
42.748;-26.764;2.080;-76.523;-0.015;-0.273;0.962;-0.004;0.962;0.273;1.000;0.000;0.016
42.851;-26.851;2.080;-75.969;-0.015;-0.273;0.962;-0.004;0.962;0.273;1.000;0.000;0.016
42.955;-26.837;2.080;-75.363;-0.015;-0.273;0.962;-0.004;0.962;0.273;1.000;0.000;0.016
43.061;-26.842;2.080;-74.727;-0.015;-0.273;0.962;-0.004;0.962;0.273;1.000;0.000;0.016
43.161;-26.851;2.080;-74.135;-0.015;-0.273;0.962;-0.004;0.962;0.273;1.000;0.000;0.016
43.270;-26.938;2.080;-73.490;-0.258;-0.253;0.933;-0.067;0.968;0.243;0.964;0.000;0.266
43.376;-27.150;2.080;-72.881;-0.344;-0.253;0.904;-0.090;0.968;0.236;0.935;0.000;0.356
43.476;-27.365;2.080;-72.317;-0.344;-0.253;0.904;-0.090;0.968;0.236;0.935;0.000;0.356
43.578;-27.648;2.080;-71.956;-0.344;-0.253;0.904;-0.090;0.968;0.236;0.935;0.000;0.356
43.684;-28.012;2.080;-71.529;-0.300;-0.170;0.939;-0.052;0.985;0.162;0.953;0.000;0.304
43.788;-28.175;2.080;-70.931;-0.205;-0.130;0.970;-0.027;0.992;0.127;0.978;0.000;0.206
43.891;-28.160;2.080;-70.309;-0.026;-0.109;0.994;-0.003;0.994;0.109;1.000;0.000;0.026
43.998;-27.822;2.080;-69.691;0.152;-0.109;0.982;0.017;0.994;0.108;0.988;0.000;-0.153
44.101;-27.414;2.080;-69.125;0.152;-0.109;0.982;0.017;0.994;0.108;0.988;0.000;-0.153
44.202;-27.208;2.080;-68.545;0.152;-0.109;0.982;0.017;0.994;0.108;0.988;0.000;-0.153
44.308;-27.298;2.080;-67.904;0.009;-0.135;0.991;0.001;0.991;0.135;1.000;0.000;-0.009
44.414;-27.565;2.080;-67.851;-0.016;-0.135;0.991;-0.002;0.991;0.135;1.000;0.000;0.016
44.517;-28.111;2.080;-67.381;-0.016;-0.135;0.991;-0.002;0.991;0.135;1.000;0.000;0.016
44.628;-28.517;2.080;-66.724;-0.016;-0.135;0.991;-0.002;0.991;0.135;1.000;0.000;0.016
44.729;-28.698;2.080;-66.109;-0.016;-0.135;0.991;-0.002;0.991;0.135;1.000;0.000;0.016
44.833;-28.723;2.080;-65.491;-0.016;-0.135;0.991;-0.002;0.991;0.135;1.000;0.000;0.016
44.938;-28.753;2.080;-64.861;-0.150;-0.373;0.915;-0.060;0.928;0.369;0.987;0.000;0.161
45.042;-29.082;2.080;-64.337;-0.607;-0.474;0.638;-0.327;0.881;0.343;0.725;0.000;0.689
45.150;-29.545;2.080;-63.889;-0.641;-0.474;0.603;-0.345;0.881;0.325;0.685;0.000;0.728
45.257;-30.009;2.080;-63.458;-0.653;-0.474;0.591;-0.351;0.881;0.318;0.671;0.000;0.741
45.360;-30.496;2.080;-63.054;-0.758;-0.193;0.623;-0.149;0.981;0.122;0.635;0.000;0.772
45.464;-30.955;2.080;-62.632;-0.712;-0.102;0.694;-0.073;0.995;0.071;0.698;0.000;0.716
45.566;-31.389;2.080;-62.206;-0.707;-0.102;0.700;-0.072;0.995;0.072;0.704;0.000;0.710
45.667;-31.803;2.080;-61.765;-0.672;-0.102;0.733;-0.069;0.995;0.075;0.737;0.000;0.676
45.767;-32.200;2.080;-61.323;-0.660;-0.102;0.744;-0.068;0.995;0.076;0.748;0.000;0.664
45.872;-32.621;2.080;-60.843;-0.654;-0.102;0.750;-0.067;0.995;0.077;0.753;0.000;0.658
45.974;-33.021;2.080;-60.375;-0.643;-0.102;0.759;-0.066;0.995;0.078;0.763;0.000;0.646
46.076;-33.419;2.080;-59.904;-0.643;-0.102;0.759;-0.066;0.995;0.078;0.763;0.000;0.646
46.182;-33.826;2.080;-59.424;-0.643;-0.102;0.759;-0.066;0.995;0.078;0.763;0.000;0.646
46.288;-34.240;2.080;-58.935;-0.643;-0.102;0.759;-0.066;0.995;0.078;0.763;0.000;0.646
46.393;-34.645;2.080;-58.456;-0.643;-0.102;0.759;-0.066;0.995;0.078;0.763;0.000;0.646
46.495;-35.044;2.080;-57.986;-0.643;-0.102;0.759;-0.066;0.995;0.078;0.763;0.000;0.646
46.596;-35.434;2.080;-57.525;-0.643;-0.102;0.759;-0.066;0.995;0.078;0.763;0.000;0.646
46.703;-35.850;2.080;-57.033;-0.643;-0.102;0.759;-0.066;0.995;0.078;0.763;0.000;0.646
46.808;-36.253;2.080;-56.558;-0.643;-0.102;0.759;-0.066;0.995;0.078;0.763;0.000;0.646
46.908;-36.640;2.080;-56.101;-0.643;-0.102;0.759;-0.066;0.995;0.078;0.763;0.000;0.646
47.014;-37.045;2.080;-55.622;-0.643;-0.102;0.759;-0.066;0.995;0.078;0.763;0.000;0.646
47.116;-37.445;2.080;-55.150;-0.643;-0.102;0.759;-0.066;0.995;0.078;0.763;0.000;0.646
47.225;-37.866;2.080;-54.648;-0.624;-0.102;0.775;-0.064;0.995;0.079;0.779;0.000;0.627
47.326;-38.223;2.080;-54.158;-0.517;-0.102;0.850;-0.053;0.995;0.087;0.854;0.000;0.520
47.428;-38.537;2.080;-53.607;-0.158;-0.100;0.982;-0.016;0.995;0.099;0.987;0.000;0.159
47.535;-38.894;2.080;-52.993;0.000;-0.122;0.993;0.000;0.993;0.122;1.000;0.000;0.000
47.638;-39.389;2.080;-52.357;0.053;-0.137;0.989;0.007;0.991;0.137;0.999;0.000;-0.054
47.742;-39.977;2.080;-51.697;0.060;-0.137;0.989;0.008;0.991;0.137;0.998;0.000;-0.060
47.851;-40.568;2.080;-51.004;0.099;-0.137;0.986;0.014;0.991;0.136;0.995;0.000;-0.100
47.957;-41.101;2.080;-50.268;0.265;-0.107;0.958;0.028;0.994;0.103;0.964;0.000;-0.267
48.063;-41.344;2.080;-49.395;0.606;0.000;0.795;0.000;1.000;0.000;0.795;0.000;-0.606
48.170;-41.369;2.080;-48.496;0.756;0.036;0.654;-0.027;0.999;-0.023;0.654;0.000;-0.756
48.273;-41.204;2.080;-47.631;0.854;0.063;0.517;-0.054;0.998;-0.033;0.518;0.000;-0.855
48.379;-40.954;2.080;-46.764;0.890;0.063;0.452;-0.057;0.998;-0.029;0.453;0.000;-0.891
48.484;-40.622;2.080;-45.984;0.925;0.063;0.375;-0.059;0.998;-0.024;0.376;0.000;-0.927
48.585;-40.202;2.080;-45.406;0.931;0.056;0.362;-0.052;0.998;-0.020;0.362;0.000;-0.932
48.685;-39.721;2.080;-44.970;0.931;0.056;0.362;-0.052;0.998;-0.020;0.362;0.000;-0.932
48.788;-39.276;2.080;-44.405;0.931;0.056;0.362;-0.052;0.998;-0.020;0.362;0.000;-0.932
48.888;-38.891;2.080;-43.718;0.932;0.000;0.362;0.000;1.000;0.000;0.362;0.000;-0.932
48.990;-38.452;2.080;-43.162;0.931;-0.081;0.356;0.076;0.997;0.029;0.357;0.000;-0.934
49.091;-37.948;2.080;-42.780;0.931;-0.086;0.356;0.081;0.996;0.031;0.357;0.000;-0.934
49.193;-37.386;2.080;-42.544;0.931;-0.086;0.356;0.081;0.996;0.031;0.357;0.000;-0.934
49.294;-36.819;2.080;-42.328;0.931;-0.086;0.356;0.081;0.996;0.031;0.357;0.000;-0.934
49.396;-36.340;2.080;-42.061;0.931;-0.086;0.356;0.081;0.996;0.031;0.357;0.000;-0.934
49.502;-35.854;2.080;-41.848;0.931;-0.086;0.356;0.081;0.996;0.031;0.357;0.000;-0.934
49.602;-35.450;2.080;-41.694;0.930;-0.092;0.356;0.086;0.996;0.033;0.357;0.000;-0.934
49.702;-35.249;2.080;-41.512;0.919;-0.120;0.376;0.111;0.993;0.046;0.379;0.000;-0.926
49.808;-35.332;2.080;-41.218;0.840;-0.158;0.520;0.135;0.987;0.083;0.526;0.000;-0.850
49.915;-35.541;2.080;-40.835;0.830;-0.158;0.534;0.133;0.987;0.086;0.541;0.000;-0.841
50.020;-35.527;2.080;-40.477;0.687;-0.249;0.683;0.176;0.969;0.175;0.705;0.000;-0.709
50.122;-35.292;2.080;-40.150;0.590;-0.249;0.768;0.152;0.969;0.197;0.793;0.000;-0.609
50.227;-34.776;2.080;-39.803;0.586;-0.249;0.771;0.150;0.969;0.198;0.796;0.000;-0.605
50.332;-34.087;2.080;-39.531;0.525;-0.256;0.812;0.139;0.967;0.215;0.840;0.000;-0.543
50.435;-33.298;2.080;-39.251;0.358;-0.266;0.895;0.099;0.964;0.247;0.929;0.000;-0.371
50.539;-32.524;2.080;-38.815;0.208;-0.266;0.941;0.057;0.964;0.260;0.976;0.000;-0.216
50.639;-31.826;2.080;-38.339;0.144;-0.266;0.953;0.040;0.964;0.263;0.989;0.000;-0.149
50.741;-31.204;2.080;-37.743;-0.077;-0.214;0.974;-0.017;0.977;0.213;0.997;0.000;0.079
50.842;-30.724;2.080;-37.153;-0.366;-0.188;0.912;-0.070;0.982;0.175;0.928;0.000;0.372
50.948;-30.311;2.080;-36.597;-0.565;-0.200;0.801;-0.115;0.980;0.163;0.817;0.000;0.577
