9.250;-44.610;2.005;-86.050;0.000;-1.000;0.000;-0.843;0.000;0.539;0.539;0.000;0.843
9.352;-44.610;2.005;-86.050;0.000;-1.000;0.000;-0.843;0.000;0.539;0.539;0.000;0.843
9.454;-44.610;2.005;-86.050;0.000;-1.000;0.000;-0.843;0.000;0.539;0.539;0.000;0.843
9.556;-44.610;2.005;-86.050;0.000;-1.000;0.000;-0.843;0.000;0.539;0.539;0.000;0.843
9.658;-44.610;2.005;-86.050;0.000;-1.000;0.000;-0.843;0.000;0.539;0.539;0.000;0.843
9.761;-44.610;2.005;-86.050;-0.001;-1.000;0.000;-0.842;0.001;0.540;0.540;0.000;0.842
9.863;-44.610;2.005;-86.050;-0.044;-0.999;0.032;-0.812;0.054;0.581;0.582;0.000;0.813
9.967;-44.610;2.005;-86.050;-0.109;-0.990;0.088;-0.773;0.140;0.619;0.625;0.000;0.781
10.067;-44.610;2.005;-86.050;-0.151;-0.979;0.135;-0.729;0.202;0.654;0.668;0.000;0.744
10.168;-44.610;2.005;-86.050;-0.204;-0.946;0.253;-0.593;0.325;0.737;0.779;0.000;0.627
10.269;-44.610;2.005;-86.050;-0.198;-0.895;0.399;-0.397;0.445;0.802;0.896;0.000;0.444
10.369;-44.610;2.005;-86.050;-0.152;-0.865;0.479;-0.262;0.502;0.824;0.953;0.000;0.302
10.475;-44.610;2.005;-86.050;-0.082;-0.827;0.556;-0.121;0.562;0.818;0.989;0.000;0.146
10.579;-44.610;2.005;-86.050;-0.037;-0.740;0.671;-0.040;0.672;0.739;0.999;0.000;0.055
10.680;-44.610;2.005;-86.050;-0.034;-0.559;0.828;-0.023;0.829;0.559;0.999;0.000;0.041
10.786;-44.610;2.005;-86.050;-0.070;-0.359;0.931;-0.027;0.933;0.358;0.997;0.000;0.076
10.890;-44.610;2.005;-86.050;-0.102;-0.255;0.962;-0.027;0.967;0.254;0.994;0.000;0.105
10.993;-44.610;2.005;-86.050;-0.140;-0.171;0.975;-0.024;0.985;0.169;0.990;0.000;0.143
11.100;-44.610;2.005;-86.050;-0.144;-0.171;0.975;-0.025;0.985;0.169;0.989;0.000;0.147
11.206;-44.610;2.005;-86.050;-0.273;-0.199;0.941;-0.055;0.980;0.191;0.960;0.000;0.279
11.310;-44.610;2.005;-86.050;-0.365;-0.165;0.916;-0.061;0.986;0.153;0.929;0.000;0.370
11.412;-44.610;2.005;-86.050;-0.380;-0.127;0.916;-0.049;0.992;0.117;0.924;0.000;0.384
11.516;-44.610;2.005;-86.050;-0.381;-0.121;0.917;-0.046;0.993;0.111;0.924;0.000;0.384
11.620;-44.610;2.005;-86.050;-0.367;-0.130;0.921;-0.048;0.991;0.121;0.929;0.000;0.371
11.725;-44.610;2.005;-86.050;-0.291;-0.149;0.945;-0.044;0.989;0.142;0.956;0.000;0.294
11.830;-44.610;2.005;-86.050;-0.171;-0.149;0.974;-0.026;0.989;0.147;0.985;0.000;0.173
11.933;-44.610;2.005;-86.050;0.005;-0.129;0.992;0.001;0.992;0.129;1.000;0.000;-0.005
12.034;-44.610;2.005;-86.050;0.234;-0.113;0.966;0.027;0.994;0.110;0.972;0.000;-0.236
12.137;-44.610;2.005;-86.050;0.373;-0.100;0.922;0.038;0.995;0.093;0.927;0.000;-0.375
12.244;-44.610;2.005;-86.050;0.437;-0.100;0.894;0.044;0.995;0.090;0.898;0.000;-0.439
12.349;-44.610;2.005;-86.050;0.490;-0.100;0.866;0.049;0.995;0.087;0.870;0.000;-0.493
12.456;-44.610;2.005;-86.050;0.605;-0.106;0.789;0.064;0.994;0.084;0.794;0.000;-0.608
12.561;-44.610;2.005;-86.050;0.665;-0.106;0.739;0.071;0.994;0.079;0.744;0.000;-0.669
12.663;-44.610;2.005;-86.050;0.708;-0.106;0.698;0.075;0.994;0.074;0.702;0.000;-0.712
12.765;-44.610;2.005;-86.050;0.741;-0.114;0.662;0.085;0.994;0.076;0.666;0.000;-0.746
12.866;-44.610;2.005;-86.050;0.787;-0.119;0.605;0.094;0.993;0.072;0.609;0.000;-0.793
12.973;-44.610;2.005;-86.050;0.818;-0.126;0.561;0.104;0.992;0.071;0.566;0.000;-0.825
13.074;-44.610;2.005;-86.050;0.860;-0.126;0.494;0.109;0.992;0.063;0.498;0.000;-0.867
13.176;-44.610;2.005;-86.050;0.872;-0.126;0.473;0.111;0.992;0.060;0.477;0.000;-0.879
13.282;-44.610;2.005;-86.050;0.872;-0.126;0.472;0.111;0.992;0.060;0.476;0.000;-0.879
13.382;-44.610;2.005;-86.050;0.870;-0.125;0.477;0.110;0.992;0.060;0.481;0.000;-0.877
13.483;-44.610;2.005;-86.050;0.861;-0.122;0.494;0.106;0.993;0.061;0.498;0.000;-0.867
13.590;-44.610;2.005;-86.050;0.840;-0.112;0.531;0.095;0.994;0.060;0.534;0.000;-0.845
13.692;-44.610;2.005;-86.050;0.794;-0.114;0.597;0.091;0.993;0.069;0.601;0.000;-0.799
13.792;-44.610;2.005;-86.050;0.766;-0.127;0.630;0.098;0.992;0.081;0.635;0.000;-0.772
13.899;-44.610;2.005;-86.050;0.763;-0.127;0.634;0.098;0.992;0.081;0.639;0.000;-0.769
14.007;-44.610;2.005;-86.050;0.741;-0.132;0.658;0.099;0.991;0.087;0.664;0.000;-0.748
14.108;-44.610;2.005;-86.050;0.733;-0.132;0.667;0.097;0.991;0.089;0.673;0.000;-0.740
14.214;-44.610;2.005;-86.050;0.707;-0.132;0.695;0.094;0.991;0.092;0.701;0.000;-0.713
14.319;-44.610;2.005;-86.050;0.697;-0.139;0.703;0.098;0.990;0.099;0.710;0.000;-0.704
14.424;-44.610;2.005;-86.050;0.690;-0.144;0.710;0.100;0.990;0.103;0.717;0.000;-0.697
14.530;-44.610;2.005;-86.050;0.687;-0.146;0.712;0.101;0.989;0.105;0.719;0.000;-0.695
14.632;-44.610;2.005;-86.050;0.667;-0.157;0.728;0.106;0.988;0.116;0.738;0.000;-0.675
14.737;-44.610;2.005;-86.050;0.623;-0.175;0.763;0.111;0.985;0.136;0.774;0.000;-0.633
14.840;-44.594;2.080;-86.029;0.596;-0.177;0.783;0.107;0.984;0.141;0.796;0.000;-0.606
14.950;-44.526;2.080;-85.915;0.440;-0.210;0.873;0.095;0.978;0.188;0.893;0.000;-0.450
15.052;-44.433;2.080;-85.716;0.402;-0.217;0.890;0.089;0.976;0.198;0.911;0.000;-0.411
15.158;-44.314;2.080;-85.428;0.367;-0.221;0.904;0.083;0.975;0.205;0.927;0.000;-0.376
15.261;-44.213;2.080;-85.137;0.274;-0.225;0.935;0.063;0.974;0.216;0.960;0.000;-0.281
15.366;-44.131;2.080;-84.834;0.250;-0.223;0.942;0.057;0.975;0.216;0.967;0.000;-0.256
15.470;-44.052;2.080;-84.532;0.246;-0.200;0.949;0.050;0.980;0.193;0.968;0.000;-0.251
15.571;-43.975;2.080;-84.236;0.246;-0.193;0.950;0.048;0.981;0.186;0.968;0.000;-0.251
15.676;-43.896;2.080;-83.933;0.250;-0.189;0.950;0.048;0.982;0.183;0.967;0.000;-0.254
15.778;-43.815;2.080;-83.639;0.271;-0.183;0.945;0.050;0.983;0.175;0.961;0.000;-0.276
15.879;-43.718;2.080;-83.351;0.347;-0.174;0.922;0.061;0.985;0.163;0.936;0.000;-0.352
15.980;-43.597;2.080;-83.075;0.451;-0.174;0.876;0.080;0.985;0.155;0.889;0.000;-0.458
16.085;-43.438;2.080;-82.802;0.535;-0.170;0.828;0.092;0.985;0.143;0.840;0.000;-0.542
16.189;-43.257;2.080;-82.546;0.592;-0.176;0.787;0.106;0.984;0.141;0.799;0.000;-0.601
16.290;-43.071;2.080;-82.309;0.620;-0.186;0.763;0.117;0.983;0.144;0.776;0.000;-0.630
16.395;-42.867;2.080;-82.067;0.650;-0.199;0.733;0.132;0.980;0.149;0.748;0.000;-0.664
16.495;-42.664;2.080;-81.851;0.684;-0.213;0.698;0.149;0.977;0.152;0.714;0.000;-0.700
16.597;-42.443;2.080;-81.639;0.719;-0.220;0.660;0.162;0.976;0.149;0.676;0.000;-0.737
16.698;-42.212;2.080;-81.438;0.746;-0.219;0.629;0.167;0.976;0.141;0.645;0.000;-0.765
16.798;-41.977;2.080;-81.251;0.773;-0.219;0.596;0.173;0.976;0.134;0.610;0.000;-0.792
16.899;-41.724;2.080;-81.084;0.853;-0.227;0.470;0.199;0.974;0.110;0.483;0.000;-0.876
17.002;-41.446;2.080;-80.956;0.908;-0.227;0.351;0.212;0.974;0.082;0.361;0.000;-0.933
17.105;-41.154;2.080;-80.855;0.926;-0.230;0.300;0.219;0.973;0.071;0.308;0.000;-0.951
17.206;-40.862;2.080;-80.765;0.932;-0.223;0.287;0.213;0.975;0.066;0.294;0.000;-0.956
17.310;-40.565;2.080;-80.673;0.934;-0.218;0.284;0.209;0.976;0.063;0.291;0.000;-0.957
17.419;-40.254;2.080;-80.579;0.934;-0.217;0.283;0.208;0.976;0.063;0.290;0.000;-0.957
17.522;-39.956;2.080;-80.489;0.934;-0.217;0.283;0.207;0.976;0.063;0.290;0.000;-0.957
17.622;-39.687;2.080;-80.407;0.939;-0.195;0.285;0.187;0.981;0.057;0.290;0.000;-0.957
17.727;-39.369;2.080;-80.309;0.943;-0.165;0.290;0.157;0.986;0.048;0.294;0.000;-0.956
17.827;-39.082;2.080;-80.221;0.943;-0.161;0.292;0.154;0.987;0.048;0.295;0.000;-0.955
17.928;-38.792;2.080;-80.131;0.943;-0.159;0.292;0.152;0.987;0.047;0.295;0.000;-0.955
18.031;-38.498;2.080;-80.040;0.944;-0.156;0.292;0.150;0.988;0.046;0.295;0.000;-0.955
18.132;-38.207;2.080;-79.950;0.944;-0.156;0.290;0.149;0.988;0.046;0.293;0.000;-0.956
18.233;-37.917;2.080;-79.866;0.956;-0.154;0.249;0.149;0.988;0.039;0.252;0.000;-0.968
18.335;-37.620;2.080;-79.792;0.959;-0.153;0.237;0.148;0.988;0.037;0.240;0.000;-0.971
18.437;-37.323;2.080;-79.719;0.959;-0.153;0.237;0.148;0.988;0.037;0.240;0.000;-0.971
18.541;-37.018;2.080;-79.644;0.964;-0.153;0.217;0.149;0.988;0.034;0.220;0.000;-0.976
18.642;-36.722;2.080;-79.588;0.972;-0.152;0.178;0.150;0.988;0.027;0.180;0.000;-0.984
18.744;-36.419;2.080;-79.533;0.972;-0.152;0.177;0.150;0.988;0.027;0.179;0.000;-0.984
18.846;-36.119;2.080;-79.478;0.972;-0.152;0.177;0.150;0.988;0.027;0.179;0.000;-0.984
18.947;-35.821;2.080;-79.428;0.977;-0.152;0.149;0.150;0.988;0.023;0.150;0.000;-0.989
19.048;-35.521;2.080;-79.385;0.978;-0.152;0.140;0.151;0.988;0.022;0.142;0.000;-0.990
19.152;-35.212;2.080;-79.341;0.978;-0.152;0.140;0.151;0.988;0.022;0.142;0.000;-0.990
19.255;-34.905;2.080;-79.297;0.978;-0.152;0.140;0.151;0.988;0.022;0.142;0.000;-0.990
19.359;-34.598;2.080;-79.252;0.978;-0.152;0.140;0.151;0.988;0.022;0.142;0.000;-0.990
19.463;-34.288;2.080;-79.208;0.978;-0.152;0.140;0.151;0.988;0.022;0.142;0.000;-0.990
19.569;-33.974;2.080;-79.163;0.978;-0.152;0.142;0.151;0.988;0.022;0.144;0.000;-0.990
19.673;-33.666;2.080;-79.118;0.978;-0.152;0.142;0.151;0.988;0.022;0.144;0.000;-0.990
19.775;-33.361;2.080;-79.074;0.978;-0.152;0.142;0.151;0.988;0.022;0.144;0.000;-0.990
19.877;-33.060;2.080;-79.030;0.978;-0.152;0.142;0.151;0.988;0.022;0.144;0.000;-0.990
19.978;-32.759;2.080;-78.986;0.978;-0.152;0.142;0.151;0.988;0.022;0.144;0.000;-0.990
20.082;-32.451;2.080;-78.941;0.978;-0.152;0.142;0.151;0.988;0.022;0.144;0.000;-0.990
20.182;-32.153;2.080;-78.898;0.978;-0.152;0.142;0.151;0.988;0.022;0.144;0.000;-0.990
20.283;-31.854;2.080;-78.854;0.978;-0.152;0.142;0.151;0.988;0.022;0.144;0.000;-0.990
20.386;-31.549;2.080;-78.810;0.978;-0.152;0.142;0.151;0.988;0.022;0.144;0.000;-0.990
20.489;-31.243;2.080;-78.765;0.978;-0.152;0.142;0.151;0.988;0.022;0.144;0.000;-0.990
20.591;-30.940;2.080;-78.721;0.978;-0.152;0.142;0.151;0.988;0.022;0.144;0.000;-0.990
20.693;-30.637;2.080;-78.677;0.978;-0.152;0.142;0.151;0.988;0.022;0.144;0.000;-0.990
20.794;-30.338;2.080;-78.634;0.978;-0.152;0.142;0.151;0.988;0.022;0.144;0.000;-0.990
20.895;-30.038;2.080;-78.590;0.978;-0.152;0.142;0.151;0.988;0.022;0.144;0.000;-0.990
20.996;-29.736;2.080;-78.546;0.978;-0.152;0.144;0.150;0.988;0.022;0.146;0.000;-0.989
21.099;-29.468;2.080;-78.506;0.978;-0.152;0.146;0.150;0.988;0.022;0.148;0.000;-0.989
21.202;-29.194;2.080;-78.465;0.978;-0.152;0.146;0.150;0.988;0.022;0.148;0.000;-0.989
21.308;-28.879;2.080;-78.418;0.978;-0.152;0.146;0.150;0.988;0.022;0.148;0.000;-0.989
21.408;-28.583;2.080;-78.371;0.973;-0.150;0.173;0.148;0.989;0.026;0.175;0.000;-0.985
21.509;-28.298;2.080;-78.309;0.955;-0.157;0.251;0.152;0.988;0.040;0.254;0.000;-0.967
21.611;-28.097;2.080;-78.240;0.905;-0.157;0.396;0.144;0.988;0.063;0.401;0.000;-0.916
21.714;-27.991;2.080;-78.187;0.855;-0.160;0.493;0.139;0.987;0.080;0.500;0.000;-0.866
21.814;-27.970;2.080;-78.174;0.747;-0.171;0.643;0.130;0.985;0.112;0.653;0.000;-0.758
21.915;-27.970;2.080;-78.174;0.636;-0.181;0.750;0.117;0.983;0.138;0.763;0.000;-0.647
22.018;-27.970;2.080;-78.174;0.435;-0.204;0.877;0.091;0.979;0.183;0.896;0.000;-0.444
22.120;-27.970;2.080;-78.174;0.054;-0.229;0.972;0.013;0.974;0.228;0.998;0.000;-0.056
22.223;-27.970;2.080;-78.174;0.052;-0.228;0.972;0.012;0.974;0.227;0.999;0.000;-0.054
22.326;-27.970;2.080;-78.174;0.050;-0.226;0.973;0.012;0.974;0.226;0.999;0.000;-0.052
22.430;-27.970;2.080;-78.174;0.048;-0.222;0.974;0.011;0.975;0.222;0.999;0.000;-0.049
22.532;-27.970;2.080;-78.174;0.048;-0.222;0.974;0.011;0.975;0.222;0.999;0.000;-0.049
22.636;-27.970;2.080;-78.174;0.110;-0.205;0.973;0.023;0.979;0.204;0.994;0.000;-0.112
22.743;-27.970;2.080;-78.174;0.181;-0.208;0.961;0.038;0.978;0.204;0.983;0.000;-0.185
22.846;-27.959;2.080;-78.125;0.204;-0.205;0.957;0.043;0.979;0.201;0.978;0.000;-0.208
22.948;-27.929;2.080;-77.985;0.210;-0.201;0.957;0.043;0.980;0.196;0.977;0.000;-0.214
23.049;-27.878;2.080;-77.755;0.213;-0.195;0.957;0.042;0.981;0.191;0.976;0.000;-0.218
23.152;-27.789;2.080;-77.576;0.213;-0.195;0.957;0.042;0.981;0.191;0.976;0.000;-0.218
23.259;-27.670;2.080;-77.555;0.220;-0.195;0.956;0.044;0.981;0.190;0.975;0.000;-0.224
23.365;-27.542;2.080;-77.531;0.245;-0.211;0.946;0.053;0.977;0.205;0.968;0.000;-0.251
23.467;-27.417;2.080;-77.509;0.250;-0.215;0.944;0.055;0.977;0.208;0.967;0.000;-0.256
23.579;-27.259;2.080;-77.465;0.236;-0.207;0.949;0.050;0.978;0.201;0.970;0.000;-0.242
23.682;-27.076;2.080;-77.322;0.203;-0.188;0.961;0.039;0.982;0.184;0.978;0.000;-0.207
23.786;-26.964;2.080;-77.046;0.156;-0.179;0.971;0.028;0.984;0.177;0.987;0.000;-0.159
23.887;-26.930;2.080;-76.745;0.061;-0.178;0.982;0.011;0.984;0.177;0.998;0.000;-0.062
23.991;-26.940;2.080;-76.434;-0.096;-0.179;0.979;-0.017;0.984;0.178;0.995;0.000;0.098
24.096;-26.973;2.080;-76.120;-0.110;-0.180;0.977;-0.020;0.984;0.179;0.994;0.000;0.111
24.200;-27.016;2.080;-75.810;-0.162;-0.196;0.967;-0.032;0.981;0.193;0.986;0.000;0.165
24.302;-27.077;2.080;-75.509;-0.226;-0.216;0.950;-0.050;0.976;0.210;0.973;0.000;0.231
24.408;-27.162;2.080;-75.203;-0.287;-0.224;0.931;-0.066;0.975;0.214;0.956;0.000;0.295
24.512;-27.254;2.080;-74.908;-0.293;-0.221;0.930;-0.067;0.975;0.211;0.954;0.000;0.300
24.612;-27.346;2.080;-74.619;-0.299;-0.210;0.931;-0.064;0.978;0.200;0.952;0.000;0.306
24.717;-27.442;2.080;-74.320;-0.300;-0.193;0.934;-0.059;0.981;0.183;0.952;0.000;0.306
24.820;-27.536;2.080;-74.026;-0.295;-0.177;0.939;-0.053;0.984;0.168;0.954;0.000;0.300
24.923;-27.626;2.080;-73.730;-0.286;-0.165;0.944;-0.048;0.986;0.158;0.957;0.000;0.290
25.028;-27.717;2.080;-73.428;-0.280;-0.168;0.945;-0.048;0.986;0.161;0.959;0.000;0.284
25.131;-27.803;2.080;-73.131;-0.272;-0.176;0.946;-0.049;0.984;0.169;0.961;0.000;0.276
25.237;-27.890;2.080;-72.828;-0.271;-0.176;0.946;-0.048;0.984;0.169;0.961;0.000;0.275
25.339;-27.968;2.080;-72.532;-0.240;-0.147;0.960;-0.036;0.989;0.143;0.970;0.000;0.242
25.443;-28.039;2.080;-72.240;-0.230;-0.143;0.963;-0.033;0.990;0.140;0.973;0.000;0.233
25.545;-28.112;2.080;-71.930;-0.227;-0.142;0.963;-0.033;0.990;0.139;0.973;0.000;0.229
25.646;-28.180;2.080;-71.636;-0.211;-0.212;0.954;-0.046;0.977;0.207;0.976;0.000;0.216
25.746;-28.245;2.080;-71.340;-0.210;-0.233;0.949;-0.050;0.972;0.228;0.976;0.000;0.216
25.851;-28.313;2.080;-71.033;-0.209;-0.245;0.947;-0.053;0.970;0.239;0.976;0.000;0.216
25.956;-28.380;2.080;-70.726;-0.206;-0.265;0.942;-0.056;0.964;0.259;0.977;0.000;0.213
26.060;-28.447;2.080;-70.420;-0.205;-0.266;0.942;-0.057;0.964;0.260;0.977;0.000;0.213
26.163;-28.513;2.080;-70.118;-0.204;-0.268;0.942;-0.057;0.964;0.262;0.977;0.000;0.212
26.267;-28.578;2.080;-69.813;-0.197;-0.269;0.943;-0.055;0.963;0.263;0.979;0.000;0.204
26.370;-28.635;2.080;-69.512;-0.164;-0.237;0.958;-0.040;0.971;0.234;0.986;0.000;0.169
26.475;-28.687;2.080;-69.200;-0.160;-0.219;0.962;-0.036;0.976;0.216;0.986;0.000;0.164
26.578;-28.737;2.080;-68.896;-0.156;-0.195;0.968;-0.031;0.981;0.193;0.987;0.000;0.160
26.686;-28.789;2.080;-68.575;-0.157;-0.189;0.969;-0.030;0.982;0.186;0.987;0.000;0.160
26.788;-28.837;2.080;-68.272;-0.156;-0.186;0.970;-0.029;0.983;0.183;0.987;0.000;0.158
26.888;-28.884;2.080;-67.977;-0.156;-0.186;0.970;-0.029;0.983;0.183;0.987;0.000;0.158
26.995;-28.789;2.080;-67.728;-0.156;-0.186;0.970;-0.029;0.983;0.183;0.987;0.000;0.158
27.101;-28.822;2.080;-67.417;-0.156;-0.184;0.971;-0.029;0.983;0.182;0.987;0.000;0.158
27.208;-28.874;2.080;-67.096;-0.158;-0.184;0.970;-0.030;0.983;0.181;0.987;0.000;0.161
27.313;-28.930;2.080;-66.789;-0.202;-0.182;0.962;-0.037;0.983;0.178;0.979;0.000;0.206
27.417;-29.001;2.080;-66.483;-0.230;-0.182;0.956;-0.043;0.983;0.177;0.972;0.000;0.234
27.520;-29.080;2.080;-66.184;-0.270;-0.179;0.946;-0.049;0.984;0.172;0.962;0.000;0.274
27.627;-29.180;2.080;-65.880;-0.342;-0.163;0.926;-0.056;0.987;0.153;0.938;0.000;0.347
27.729;-29.294;2.080;-65.598;-0.401;-0.149;0.904;-0.060;0.989;0.136;0.914;0.000;0.405
27.834;-29.436;2.080;-65.317;-0.476;-0.134;0.869;-0.065;0.991;0.118;0.877;0.000;0.480
27.934;-29.581;2.080;-65.052;-0.479;-0.134;0.868;-0.065;0.991;0.118;0.875;0.000;0.483
28.039;-29.732;2.080;-64.780;-0.479;-0.134;0.868;-0.065;0.991;0.118;0.875;0.000;0.483
28.144;-29.885;2.080;-64.502;-0.479;-0.134;0.868;-0.065;0.991;0.118;0.875;0.000;0.483
28.246;-30.026;2.080;-64.247;-0.479;-0.134;0.868;-0.065;0.991;0.118;0.875;0.000;0.483
28.353;-30.182;2.080;-63.949;-0.443;-0.134;0.886;-0.060;0.991;0.120;0.894;0.000;0.447
28.454;-30.315;2.080;-63.676;-0.430;-0.134;0.893;-0.058;0.991;0.121;0.901;0.000;0.433
28.560;-30.449;2.080;-63.398;-0.430;-0.134;0.893;-0.058;0.991;0.121;0.901;0.000;0.433
28.667;-30.592;2.080;-63.101;-0.430;-0.134;0.893;-0.058;0.991;0.121;0.901;0.000;0.433
28.770;-30.726;2.080;-62.822;-0.430;-0.134;0.893;-0.058;0.991;0.121;0.901;0.000;0.433
28.875;-30.862;2.080;-62.541;-0.436;-0.134;0.890;-0.059;0.991;0.121;0.898;0.000;0.440
28.975;-30.999;2.080;-62.272;-0.467;-0.143;0.872;-0.068;0.990;0.126;0.882;0.000;0.472
29.076;-31.147;2.080;-62.008;-0.491;-0.150;0.858;-0.075;0.989;0.131;0.868;0.000;0.497
29.180;-31.307;2.080;-61.738;-0.518;-0.150;0.842;-0.079;0.989;0.128;0.852;0.000;0.524
29.281;-31.472;2.080;-61.485;-0.551;-0.150;0.821;-0.084;0.989;0.125;0.830;0.000;0.557
29.386;-31.650;2.080;-61.226;-0.568;-0.143;0.810;-0.082;0.990;0.117;0.819;0.000;0.574
29.487;-31.791;2.080;-61.024;-0.570;-0.142;0.809;-0.082;0.990;0.116;0.818;0.000;0.576
29.590;-31.882;2.080;-60.896;-0.570;-0.142;0.809;-0.082;0.990;0.116;0.818;0.000;0.576
29.694;-31.916;2.080;-60.847;-0.570;-0.142;0.809;-0.082;0.990;0.116;0.818;0.000;0.576
29.798;-31.916;2.080;-60.847;-0.568;-0.155;0.809;-0.089;0.988;0.126;0.818;0.000;0.575
29.906;-31.916;2.080;-60.847;-0.424;-0.285;0.860;-0.126;0.958;0.256;0.897;0.000;0.442
30.008;-31.916;2.080;-60.847;-0.373;-0.295;0.880;-0.115;0.955;0.272;0.921;0.000;0.390
30.115;-31.916;2.080;-60.847;-0.370;-0.289;0.883;-0.112;0.957;0.267;0.922;0.000;0.387
30.218;-31.916;2.080;-60.847;-0.356;-0.264;0.896;-0.097;0.964;0.246;0.929;0.000;0.369
30.318;-31.933;2.080;-60.798;-0.303;-0.190;0.934;-0.058;0.982;0.180;0.951;0.000;0.308
30.419;-31.977;2.080;-60.660;-0.302;-0.182;0.936;-0.056;0.983;0.174;0.952;0.000;0.307
30.523;-32.052;2.080;-60.428;-0.303;-0.173;0.937;-0.053;0.985;0.164;0.951;0.000;0.308
30.626;-32.147;2.080;-60.135;-0.306;-0.169;0.937;-0.052;0.986;0.160;0.951;0.000;0.311
30.727;-32.242;2.080;-59.846;-0.309;-0.169;0.936;-0.053;0.986;0.160;0.950;0.000;0.313
30.839;-32.341;2.080;-59.527;-0.232;-0.238;0.943;-0.057;0.971;0.232;0.971;0.000;0.238
30.940;-32.365;2.080;-59.233;-0.050;-0.392;0.919;-0.021;0.920;0.392;0.999;0.000;0.054
31.044;-32.380;2.080;-58.957;-0.050;-0.392;0.919;-0.021;0.920;0.392;0.999;0.000;0.054
31.147;-32.390;2.080;-58.785;-0.050;-0.392;0.919;-0.021;0.920;0.392;0.999;0.000;0.054
31.249;-32.394;2.080;-58.710;-0.050;-0.392;0.919;-0.021;0.920;0.392;0.999;0.000;0.054
31.352;-32.394;2.080;-58.708;-0.050;-0.392;0.919;-0.021;0.920;0.392;0.999;0.000;0.054
31.454;-32.394;2.080;-58.708;-0.050;-0.392;0.919;-0.021;0.920;0.392;0.999;0.000;0.054
31.559;-32.394;2.080;-58.708;-0.105;-0.389;0.915;-0.044;0.921;0.386;0.994;0.000;0.114
31.664;-32.394;2.080;-58.708;-0.303;-0.391;0.869;-0.129;0.920;0.369;0.944;0.000;0.329
31.765;-32.394;2.080;-58.708;-0.607;-0.556;0.568;-0.406;0.831;0.380;0.683;0.000;0.730
31.868;-32.394;2.080;-58.708;-0.758;-0.541;0.363;-0.488;0.841;0.234;0.432;0.000;0.902
31.969;-32.394;2.080;-58.708;-0.814;-0.473;0.337;-0.437;0.881;0.181;0.382;0.000;0.924
32.073;-32.394;2.080;-58.708;-0.857;-0.394;0.331;-0.368;0.919;0.142;0.360;0.000;0.933
32.175;-32.394;2.080;-58.708;-0.890;-0.315;0.330;-0.296;0.949;0.110;0.348;0.000;0.937
32.275;-32.394;2.080;-58.708;-0.907;-0.259;0.333;-0.243;0.966;0.089;0.345;0.000;0.939
32.381;-32.394;2.080;-58.708;-0.917;-0.182;0.354;-0.170;0.983;0.066;0.361;0.000;0.933
32.483;-32.394;2.080;-58.708;-0.917;-0.171;0.361;-0.159;0.985;0.063;0.366;0.000;0.931
32.589;-32.394;2.080;-58.708;-0.917;-0.166;0.364;-0.154;0.986;0.061;0.369;0.000;0.930
32.689;-32.394;2.080;-58.708;-0.917;-0.165;0.364;-0.153;0.986;0.061;0.369;0.000;0.930
32.789;-32.394;2.080;-58.708;-0.917;-0.165;0.364;-0.153;0.986;0.061;0.369;0.000;0.930
32.904;-32.413;2.080;-58.700;-0.916;-0.163;0.366;-0.151;0.987;0.060;0.371;0.000;0.928
33.008;-32.533;2.080;-58.644;-0.880;-0.194;0.434;-0.174;0.981;0.086;0.443;0.000;0.897
33.112;-32.732;2.080;-58.546;-0.879;-0.194;0.436;-0.173;0.981;0.086;0.444;0.000;0.896
33.215;-33.002;2.080;-58.412;-0.879;-0.187;0.439;-0.168;0.982;0.084;0.447;0.000;0.894
33.316;-33.271;2.080;-58.275;-0.877;-0.176;0.448;-0.156;0.984;0.080;0.455;0.000;0.890
33.418;-33.543;2.080;-58.136;-0.876;-0.176;0.449;-0.156;0.984;0.080;0.456;0.000;0.890
33.522;-33.823;2.080;-57.992;-0.873;-0.177;0.454;-0.157;0.984;0.082;0.462;0.000;0.887
33.623;-34.089;2.080;-57.847;-0.857;-0.189;0.479;-0.165;0.982;0.092;0.488;0.000;0.873
33.724;-34.350;2.080;-57.698;-0.852;-0.193;0.487;-0.167;0.981;0.096;0.497;0.000;0.868
33.825;-34.614;2.080;-57.547;-0.852;-0.193;0.487;-0.167;0.981;0.096;0.497;0.000;0.868
33.927;-34.881;2.080;-57.394;-0.849;-0.194;0.491;-0.168;0.981;0.097;0.501;0.000;0.866
34.029;-35.144;2.080;-57.241;-0.846;-0.194;0.496;-0.167;0.981;0.098;0.506;0.000;0.862
34.130;-35.405;2.080;-57.087;-0.844;-0.195;0.499;-0.168;0.981;0.099;0.509;0.000;0.861
34.231;-35.666;2.080;-56.931;-0.842;-0.195;0.503;-0.167;0.981;0.100;0.513;0.000;0.858
34.334;-35.929;2.080;-56.772;-0.834;-0.197;0.515;-0.168;0.980;0.104;0.525;0.000;0.851
34.434;-36.182;2.080;-56.609;-0.815;-0.206;0.542;-0.171;0.979;0.114;0.554;0.000;0.832
34.537;-36.436;2.080;-56.435;-0.789;-0.224;0.572;-0.181;0.975;0.131;0.587;0.000;0.809
34.639;-36.682;2.080;-56.251;-0.779;-0.227;0.584;-0.182;0.974;0.136;0.600;0.000;0.800
34.740;-36.925;2.080;-56.068;-0.778;-0.227;0.585;-0.182;0.974;0.137;0.601;0.000;0.799
34.844;-37.174;2.080;-55.881;-0.778;-0.227;0.586;-0.182;0.974;0.137;0.602;0.000;0.799
34.944;-37.399;2.080;-55.711;-0.777;-0.227;0.587;-0.181;0.974;0.137;0.603;0.000;0.798
35.049;-37.663;2.080;-55.512;-0.777;-0.227;0.587;-0.181;0.974;0.137;0.603;0.000;0.798
35.149;-37.903;2.080;-55.330;-0.777;-0.227;0.587;-0.181;0.974;0.137;0.603;0.000;0.798
35.253;-38.151;2.080;-55.142;-0.770;-0.232;0.594;-0.183;0.973;0.141;0.611;0.000;0.792
35.357;-38.392;2.080;-54.946;-0.731;-0.253;0.634;-0.191;0.968;0.166;0.656;0.000;0.755
35.459;-38.597;2.080;-54.716;-0.573;-0.287;0.768;-0.171;0.958;0.230;0.802;0.000;0.598
35.561;-38.770;2.080;-54.465;-0.528;-0.295;0.796;-0.163;0.956;0.246;0.833;0.000;0.553
35.666;-38.944;2.080;-54.203;-0.526;-0.293;0.798;-0.162;0.956;0.245;0.835;0.000;0.551
35.766;-39.108;2.080;-53.951;-0.524;-0.278;0.805;-0.152;0.960;0.233;0.838;0.000;0.545
35.867;-39.273;2.080;-53.697;-0.523;-0.276;0.806;-0.150;0.961;0.232;0.839;0.000;0.544
35.969;-39.440;2.080;-53.441;-0.523;-0.274;0.807;-0.149;0.962;0.230;0.839;0.000;0.544
36.071;-39.607;2.080;-53.183;-0.523;-0.274;0.807;-0.149;0.962;0.230;0.839;0.000;0.544
36.176;-39.777;2.080;-52.921;-0.523;-0.274;0.807;-0.149;0.962;0.230;0.839;0.000;0.544
36.277;-39.943;2.080;-52.665;-0.523;-0.274;0.807;-0.149;0.962;0.230;0.839;0.000;0.544
36.380;-40.106;2.080;-52.414;-0.523;-0.274;0.807;-0.149;0.962;0.230;0.839;0.000;0.544
36.485;-40.228;2.080;-52.227;-0.523;-0.274;0.807;-0.149;0.962;0.230;0.839;0.000;0.544
36.595;-40.296;2.080;-52.122;-0.523;-0.274;0.807;-0.149;0.962;0.230;0.839;0.000;0.544
36.697;-40.308;2.080;-52.102;-0.523;-0.274;0.807;-0.149;0.962;0.230;0.839;0.000;0.544
36.804;-40.308;2.080;-52.102;-0.523;-0.274;0.807;-0.149;0.962;0.230;0.839;0.000;0.544
36.906;-40.308;2.080;-52.102;-0.523;-0.274;0.807;-0.149;0.962;0.230;0.839;0.000;0.544
37.010;-40.308;2.080;-52.102;-0.518;-0.253;0.817;-0.136;0.967;0.214;0.845;0.000;0.535
37.113;-40.308;2.080;-52.102;-0.516;-0.188;0.836;-0.099;0.982;0.160;0.851;0.000;0.525
37.221;-40.308;2.080;-52.102;-0.517;-0.137;0.845;-0.071;0.991;0.117;0.853;0.000;0.521
37.321;-40.308;2.080;-52.102;-0.518;-0.122;0.847;-0.063;0.993;0.104;0.853;0.000;0.521
37.424;-40.323;2.080;-52.078;-0.514;-0.106;0.851;-0.055;0.994;0.091;0.856;0.000;0.517
37.528;-40.388;2.080;-51.970;-0.512;-0.095;0.853;-0.049;0.995;0.082;0.857;0.000;0.515
37.634;-40.504;2.080;-51.775;-0.511;-0.093;0.855;-0.048;0.996;0.080;0.859;0.000;0.513
37.735;-40.656;2.080;-51.521;-0.511;-0.093;0.855;-0.048;0.996;0.080;0.859;0.000;0.513
37.838;-40.814;2.080;-51.257;-0.511;-0.093;0.855;-0.048;0.996;0.080;0.859;0.000;0.513
37.944;-40.977;2.080;-50.984;-0.511;-0.093;0.855;-0.048;0.996;0.080;0.859;0.000;0.513
38.044;-41.131;2.080;-50.726;-0.511;-0.093;0.855;-0.048;0.996;0.080;0.859;0.000;0.513
38.149;-41.292;2.080;-50.456;-0.511;-0.093;0.855;-0.048;0.996;0.080;0.859;0.000;0.513
38.249;-41.447;2.080;-50.197;-0.511;-0.093;0.855;-0.048;0.996;0.080;0.859;0.000;0.513
38.353;-41.606;2.080;-49.930;-0.511;-0.093;0.855;-0.048;0.996;0.080;0.859;0.000;0.513
38.455;-41.764;2.080;-49.667;-0.511;-0.093;0.855;-0.048;0.996;0.080;0.859;0.000;0.513
38.560;-41.925;2.080;-49.396;-0.511;-0.093;0.855;-0.048;0.996;0.080;0.859;0.000;0.513
38.666;-42.069;2.080;-49.147;-0.481;-0.080;0.873;-0.038;0.997;0.070;0.876;0.000;0.482
38.767;-42.211;2.080;-48.854;-0.430;-0.076;0.899;-0.033;0.997;0.069;0.902;0.000;0.432
38.872;-42.303;2.080;-48.642;-0.348;-0.076;0.934;-0.027;0.997;0.071;0.937;0.000;0.349
38.975;-42.333;2.080;-48.518;-0.030;-0.055;0.998;-0.002;0.999;0.055;1.000;0.000;0.030
39.077;-42.331;2.080;-48.483;0.290;-0.040;0.956;0.012;0.999;0.039;0.957;0.000;-0.290
39.178;-42.331;2.080;-48.483;0.465;-0.026;0.885;0.012;1.000;0.023;0.885;0.000;-0.465
39.283;-42.331;2.080;-48.483;0.705;-0.026;0.709;0.018;1.000;0.018;0.709;0.000;-0.705
39.384;-42.331;2.080;-48.483;0.720;-0.026;0.693;0.019;1.000;0.018;0.694;0.000;-0.720
39.484;-42.331;2.080;-48.483;0.738;-0.028;0.674;0.021;1.000;0.019;0.675;0.000;-0.738
39.585;-42.331;2.080;-48.483;0.746;-0.031;0.666;0.023;1.000;0.021;0.666;0.000;-0.746
39.693;-42.331;2.080;-48.483;0.753;-0.033;0.658;0.024;0.999;0.021;0.658;0.000;-0.753
39.794;-42.331;2.080;-48.483;0.755;-0.033;0.655;0.025;0.999;0.021;0.655;0.000;-0.755
39.895;-42.331;2.080;-48.483;0.755;-0.033;0.655;0.025;0.999;0.021;0.655;0.000;-0.755
39.999;-42.331;2.080;-48.483;0.755;-0.033;0.655;0.025;0.999;0.021;0.655;0.000;-0.755
40.101;-42.331;2.080;-48.483;0.755;-0.040;0.655;0.030;0.999;0.026;0.655;0.000;-0.755
40.209;-42.331;2.080;-48.483;0.748;-0.068;0.661;0.051;0.998;0.045;0.662;0.000;-0.749
40.313;-42.331;2.080;-48.483;0.729;-0.099;0.678;0.072;0.995;0.067;0.681;0.000;-0.732
40.420;-42.331;2.080;-48.483;0.709;-0.123;0.695;0.088;0.992;0.086;0.700;0.000;-0.714
40.523;-42.331;2.080;-48.483;0.700;-0.135;0.702;0.095;0.991;0.096;0.708;0.000;-0.706
40.628;-42.331;2.080;-48.483;0.689;-0.144;0.710;0.101;0.990;0.104;0.717;0.000;-0.697
40.734;-42.331;2.080;-48.483;0.634;-0.188;0.750;0.122;0.982;0.144;0.764;0.000;-0.646
40.835;-42.331;2.080;-48.483;0.551;-0.212;0.807;0.120;0.977;0.175;0.826;0.000;-0.564
40.936;-42.331;2.080;-48.483;0.541;-0.212;0.814;0.118;0.977;0.177;0.833;0.000;-0.554
41.037;-42.331;2.080;-48.483;0.541;-0.214;0.813;0.119;0.977;0.179;0.833;0.000;-0.554
41.138;-42.331;2.080;-48.483;0.541;-0.214;0.813;0.119;0.977;0.179;0.833;0.000;-0.554
41.238;-42.331;2.080;-48.483;0.541;-0.214;0.813;0.119;0.977;0.179;0.833;0.000;-0.554
41.341;-42.331;2.080;-48.483;0.541;-0.214;0.813;0.119;0.977;0.179;0.833;0.000;-0.554
41.444;-42.331;2.080;-48.483;0.541;-0.214;0.813;0.119;0.977;0.179;0.833;0.000;-0.554
41.547;-42.331;2.080;-48.483;0.541;-0.214;0.813;0.119;0.977;0.179;0.833;0.000;-0.554
41.653;-42.331;2.080;-48.483;0.541;-0.214;0.813;0.119;0.977;0.179;0.833;0.000;-0.554
41.755;-42.331;2.080;-48.483;0.541;-0.214;0.813;0.119;0.977;0.179;0.833;0.000;-0.554
41.866;-42.331;2.080;-48.483;0.541;-0.214;0.813;0.119;0.977;0.179;0.833;0.000;-0.554
41.968;-42.331;2.080;-48.483;0.541;-0.214;0.813;0.119;0.977;0.179;0.833;0.000;-0.554
42.069;-42.331;2.080;-48.483;0.541;-0.214;0.813;0.119;0.977;0.179;0.833;0.000;-0.554
42.171;-42.331;2.080;-48.483;0.541;-0.214;0.813;0.119;0.977;0.179;0.833;0.000;-0.554
42.275;-42.331;2.080;-48.483;0.541;-0.214;0.813;0.119;0.977;0.179;0.833;0.000;-0.554
42.377;-42.331;2.080;-48.483;0.541;-0.214;0.813;0.119;0.977;0.179;0.833;0.000;-0.554
42.478;-42.331;2.080;-48.483;0.541;-0.214;0.813;0.119;0.977;0.179;0.833;0.000;-0.554
42.579;-42.331;2.080;-48.483;0.541;-0.214;0.813;0.119;0.977;0.179;0.833;0.000;-0.554
42.680;-42.331;2.080;-48.483;0.541;-0.214;0.813;0.119;0.977;0.179;0.833;0.000;-0.554
42.782;-42.331;2.080;-48.483;0.541;-0.214;0.813;0.119;0.977;0.179;0.833;0.000;-0.554
42.883;-42.331;2.080;-48.483;0.541;-0.214;0.813;0.119;0.977;0.179;0.833;0.000;-0.554
42.986;-42.331;2.080;-48.483;0.541;-0.214;0.813;0.119;0.977;0.179;0.833;0.000;-0.554
43.094;-42.331;2.080;-48.483;0.541;-0.214;0.813;0.119;0.977;0.179;0.833;0.000;-0.554
43.196;-42.331;2.080;-48.483;0.541;-0.214;0.813;0.119;0.977;0.179;0.833;0.000;-0.554
43.299;-42.331;2.080;-48.483;0.541;-0.214;0.813;0.119;0.977;0.179;0.833;0.000;-0.554
43.401;-42.331;2.080;-48.483;0.541;-0.214;0.813;0.119;0.977;0.179;0.833;0.000;-0.554
43.503;-42.331;2.080;-48.483;0.541;-0.214;0.813;0.119;0.977;0.179;0.833;0.000;-0.554
43.612;-42.331;2.080;-48.483;0.541;-0.214;0.813;0.119;0.977;0.179;0.833;0.000;-0.554
43.716;-42.331;2.080;-48.483;0.541;-0.214;0.813;0.119;0.977;0.179;0.833;0.000;-0.554
43.818;-42.331;2.080;-48.483;0.541;-0.214;0.813;0.119;0.977;0.179;0.833;0.000;-0.554
43.920;-42.331;2.080;-48.483;0.541;-0.214;0.813;0.119;0.977;0.179;0.833;0.000;-0.554
44.021;-42.331;2.080;-48.483;0.541;-0.214;0.813;0.119;0.977;0.179;0.833;0.000;-0.554
44.124;-42.331;2.080;-48.483;0.541;-0.214;0.813;0.119;0.977;0.179;0.833;0.000;-0.554
44.225;-42.331;2.080;-48.483;0.541;-0.214;0.813;0.119;0.977;0.179;0.833;0.000;-0.554
44.325;-42.331;2.080;-48.483;0.541;-0.214;0.813;0.119;0.977;0.179;0.833;0.000;-0.554
44.434;-42.331;2.080;-48.483;0.541;-0.214;0.813;0.119;0.977;0.179;0.833;0.000;-0.554
44.537;-42.331;2.080;-48.483;0.541;-0.214;0.813;0.119;0.977;0.179;0.833;0.000;-0.554
44.644;-42.331;2.080;-48.483;0.541;-0.214;0.813;0.119;0.977;0.179;0.833;0.000;-0.554
44.748;-42.331;2.080;-48.483;0.541;-0.214;0.813;0.119;0.977;0.179;0.833;0.000;-0.554
44.851;-42.331;2.080;-48.483;0.509;-0.201;0.837;0.104;0.980;0.172;0.855;0.000;-0.519
44.959;-42.331;2.080;-48.483;0.402;-0.210;0.891;0.086;0.978;0.191;0.912;0.000;-0.411
45.061;-42.331;2.080;-48.483;0.370;-0.214;0.904;0.081;0.977;0.198;0.926;0.000;-0.378
45.165;-42.331;2.080;-48.483;0.370;-0.214;0.904;0.081;0.977;0.198;0.926;0.000;-0.378
45.268;-42.331;2.080;-48.483;0.370;-0.214;0.904;0.081;0.977;0.198;0.926;0.000;-0.378
45.368;-42.331;2.080;-48.483;0.370;-0.214;0.904;0.081;0.977;0.198;0.926;0.000;-0.378
45.476;-42.331;2.080;-48.483;0.370;-0.214;0.904;0.081;0.977;0.198;0.926;0.000;-0.378
45.577;-42.331;2.080;-48.483;0.366;-0.218;0.905;0.082;0.976;0.202;0.927;0.000;-0.375
45.680;-42.331;2.080;-48.483;0.357;-0.226;0.907;0.083;0.974;0.210;0.931;0.000;-0.366
45.782;-42.331;2.080;-48.483;0.354;-0.233;0.905;0.085;0.972;0.217;0.931;0.000;-0.364
45.884;-42.331;2.080;-48.483;0.354;-0.233;0.905;0.085;0.972;0.217;0.931;0.000;-0.364
45.985;-42.331;2.080;-48.483;0.354;-0.233;0.905;0.085;0.972;0.217;0.931;0.000;-0.364
46.088;-42.331;2.080;-48.483;0.354;-0.233;0.905;0.085;0.972;0.217;0.931;0.000;-0.364
46.190;-42.331;2.080;-48.483;0.354;-0.233;0.905;0.085;0.972;0.217;0.931;0.000;-0.364
46.297;-42.331;2.080;-48.483;0.346;-0.249;0.905;0.089;0.969;0.232;0.934;0.000;-0.358
46.401;-42.331;2.080;-48.483;0.340;-0.249;0.907;0.087;0.969;0.233;0.936;0.000;-0.351
46.517;-42.331;2.080;-48.483;0.318;-0.246;0.916;0.081;0.969;0.232;0.945;0.000;-0.328
46.618;-42.331;2.080;-48.483;0.318;-0.246;0.916;0.081;0.969;0.232;0.945;0.000;-0.328
46.723;-42.331;2.080;-48.483;0.318;-0.246;0.916;0.081;0.969;0.232;0.945;0.000;-0.328
46.827;-42.331;2.080;-48.483;0.318;-0.246;0.916;0.081;0.969;0.232;0.945;0.000;-0.328
46.930;-42.331;2.080;-48.483;0.318;-0.246;0.916;0.081;0.969;0.232;0.945;0.000;-0.328
47.033;-42.331;2.080;-48.483;0.318;-0.246;0.916;0.081;0.969;0.232;0.945;0.000;-0.328
47.134;-42.331;2.080;-48.483;0.318;-0.246;0.916;0.081;0.969;0.232;0.945;0.000;-0.328
47.239;-42.331;2.080;-48.482;0.318;-0.246;0.916;0.081;0.969;0.232;0.945;0.000;-0.328
47.341;-42.309;2.080;-48.418;0.318;-0.246;0.916;0.081;0.969;0.232;0.945;0.000;-0.328
47.461;-42.243;2.080;-48.227;0.307;-0.239;0.921;0.076;0.971;0.227;0.949;0.000;-0.316
47.565;-42.162;2.080;-47.962;0.279;-0.218;0.935;0.062;0.976;0.209;0.958;0.000;-0.286
47.665;-42.078;2.080;-47.673;0.273;-0.204;0.940;0.057;0.979;0.196;0.960;0.000;-0.278
47.766;-41.986;2.080;-47.388;0.339;-0.160;0.927;0.055;0.987;0.150;0.939;0.000;-0.344
47.867;-41.867;2.080;-47.106;0.428;-0.110;0.897;0.047;0.994;0.100;0.903;0.000;-0.431
47.972;-41.716;2.080;-46.832;0.522;-0.068;0.851;0.035;0.998;0.058;0.852;0.000;-0.523
48.074;-41.544;2.080;-46.578;0.574;-0.072;0.816;0.041;0.997;0.059;0.818;0.000;-0.576
48.175;-41.369;2.080;-46.331;0.575;-0.110;0.811;0.064;0.994;0.090;0.816;0.000;-0.579
48.277;-41.193;2.080;-46.082;0.568;-0.139;0.811;0.080;0.990;0.114;0.819;0.000;-0.573
48.379;-41.017;2.080;-45.831;0.568;-0.139;0.811;0.080;0.990;0.114;0.819;0.000;-0.573
48.481;-40.842;2.080;-45.579;0.568;-0.139;0.811;0.080;0.990;0.114;0.819;0.000;-0.573
48.581;-40.669;2.080;-45.333;0.568;-0.139;0.811;0.080;0.990;0.114;0.819;0.000;-0.573
48.682;-40.515;2.080;-45.112;0.567;-0.149;0.810;0.085;0.989;0.122;0.819;0.000;-0.573
48.789;-40.404;2.080;-44.958;0.574;-0.253;0.779;0.150;0.968;0.204;0.805;0.000;-0.593
48.890;-40.354;2.080;-44.891;0.574;-0.253;0.779;0.150;0.968;0.204;0.805;0.000;-0.593
48.996;-40.351;2.080;-44.886;0.574;-0.253;0.779;0.150;0.968;0.204;0.805;0.000;-0.593
49.098;-40.351;2.080;-44.886;0.574;-0.253;0.779;0.150;0.968;0.204;0.805;0.000;-0.593
49.200;-40.351;2.080;-44.886;0.585;-0.205;0.785;0.122;0.979;0.164;0.802;0.000;-0.597
49.301;-40.351;2.080;-44.886;0.585;-0.205;0.785;0.122;0.979;0.164;0.802;0.000;-0.597
49.402;-40.351;2.080;-44.886;0.585;-0.205;0.785;0.122;0.979;0.164;0.802;0.000;-0.597
49.503;-40.344;2.080;-44.876;0.585;-0.205;0.785;0.122;0.979;0.164;0.802;0.000;-0.597
49.604;-40.285;2.080;-44.797;0.585;-0.205;0.785;0.122;0.979;0.164;0.802;0.000;-0.597
49.705;-40.170;2.080;-44.644;0.592;-0.202;0.780;0.122;0.979;0.161;0.797;0.000;-0.604
49.816;-39.979;2.080;-44.403;0.633;-0.188;0.751;0.121;0.982;0.144;0.765;0.000;-0.644
49.922;-39.766;2.080;-44.164;0.677;-0.182;0.713;0.125;0.983;0.132;0.725;0.000;-0.689
50.023;-39.553;2.080;-43.951;0.709;-0.181;0.682;0.130;0.984;0.125;0.693;0.000;-0.721
50.126;-39.328;2.080;-43.739;0.726;-0.177;0.665;0.131;0.984;0.120;0.676;0.000;-0.737
50.227;-39.103;2.080;-43.535;0.733;-0.177;0.657;0.132;0.984;0.118;0.667;0.000;-0.745
50.329;-38.873;2.080;-43.331;0.736;-0.177;0.653;0.133;0.984;0.118;0.663;0.000;-0.748
50.444;-38.617;2.080;-43.104;0.736;-0.177;0.653;0.133;0.984;0.118;0.663;0.000;-0.748
50.548;-38.382;2.080;-42.896;0.736;-0.177;0.653;0.133;0.984;0.118;0.663;0.000;-0.748
50.648;-38.157;2.080;-42.696;0.736;-0.177;0.653;0.133;0.984;0.118;0.663;0.000;-0.748
50.753;-37.922;2.080;-42.488;0.736;-0.177;0.653;0.133;0.984;0.118;0.663;0.000;-0.748
50.862;-37.680;2.080;-42.274;0.736;-0.177;0.653;0.133;0.984;0.118;0.663;0.000;-0.748
50.965;-37.447;2.080;-42.067;0.736;-0.177;0.653;0.133;0.984;0.118;0.663;0.000;-0.748
51.067;-37.218;2.080;-41.864;0.736;-0.177;0.653;0.133;0.984;0.118;0.663;0.000;-0.748
51.168;-36.991;2.080;-41.662;0.736;-0.177;0.653;0.133;0.984;0.118;0.663;0.000;-0.748
51.268;-36.765;2.080;-41.463;0.736;-0.177;0.653;0.133;0.984;0.118;0.663;0.000;-0.748
51.368;-36.541;2.080;-41.263;0.732;-0.177;0.658;0.132;0.984;0.118;0.669;0.000;-0.743
51.470;-36.323;2.080;-41.051;0.683;-0.166;0.712;0.115;0.986;0.120;0.722;0.000;-0.692
51.574;-36.115;2.080;-40.818;0.627;-0.164;0.762;0.104;0.986;0.127;0.772;0.000;-0.636
51.676;-35.936;2.080;-40.572;0.541;-0.166;0.824;0.091;0.986;0.139;0.836;0.000;-0.549
51.781;-35.768;2.080;-40.304;0.510;-0.173;0.843;0.089;0.985;0.148;0.856;0.000;-0.517
51.882;-35.614;2.080;-40.042;0.487;-0.171;0.857;0.084;0.985;0.148;0.869;0.000;-0.494
51.987;-35.470;2.080;-39.761;0.398;-0.168;0.902;0.068;0.986;0.153;0.915;0.000;-0.404
52.088;-35.359;2.080;-39.482;0.327;-0.165;0.930;0.055;0.986;0.156;0.943;0.000;-0.332
52.189;-35.275;2.080;-39.188;0.201;-0.140;0.970;0.028;0.990;0.137;0.979;0.000;-0.203
52.292;-35.231;2.080;-38.920;0.135;-0.138;0.981;0.019;0.990;0.137;0.991;0.000;-0.136
52.397;-35.215;2.080;-38.745;0.014;-0.138;0.990;0.002;0.990;0.138;1.000;0.000;-0.015
52.498;-35.220;2.080;-38.666;-0.286;-0.160;0.945;-0.046;0.987;0.153;0.957;0.000;0.290
52.600;-35.222;2.080;-38.663;-0.883;-0.234;-0.407;-0.212;0.972;-0.098;-0.419;0.000;0.908
52.702;-35.222;2.080;-38.663;-0.836;-0.201;-0.510;-0.172;0.980;-0.105;-0.521;0.000;0.854
52.802;-35.222;2.080;-38.663;-0.831;-0.189;-0.523;-0.160;0.982;-0.101;-0.532;0.000;0.847
52.910;-35.222;2.080;-38.663;-0.840;-0.194;-0.507;-0.166;0.981;-0.100;-0.517;0.000;0.856
53.012;-35.222;2.080;-38.663;-0.870;-0.203;-0.448;-0.181;0.979;-0.093;-0.458;0.000;0.889
53.119;-35.222;2.080;-38.663;-0.890;-0.207;-0.406;-0.189;0.978;-0.086;-0.415;0.000;0.910
53.225;-35.222;2.080;-38.663;-0.895;-0.206;-0.396;-0.189;0.978;-0.083;-0.404;0.000;0.915
53.327;-35.222;2.080;-38.663;-0.895;-0.206;-0.395;-0.189;0.978;-0.083;-0.404;0.000;0.915
53.461;-35.222;2.080;-38.663;-0.895;-0.206;-0.395;-0.189;0.978;-0.083;-0.404;0.000;0.915
53.588;-35.222;2.080;-38.663;-0.895;-0.206;-0.395;-0.189;0.978;-0.083;-0.404;0.000;0.915
53.690;-35.222;2.080;-38.663;-0.895;-0.206;-0.395;-0.189;0.978;-0.083;-0.404;0.000;0.915
53.792;-35.222;2.080;-38.663;-0.895;-0.206;-0.395;-0.189;0.978;-0.083;-0.404;0.000;0.915
53.896;-35.222;2.080;-38.663;-0.895;-0.206;-0.395;-0.189;0.978;-0.083;-0.404;0.000;0.915
53.997;-35.222;2.080;-38.663;-0.895;-0.206;-0.395;-0.189;0.978;-0.083;-0.404;0.000;0.915
54.103;-35.222;2.080;-38.663;-0.895;-0.206;-0.395;-0.189;0.978;-0.083;-0.404;0.000;0.915
54.205;-35.222;2.080;-38.663;-0.895;-0.206;-0.395;-0.189;0.978;-0.083;-0.404;0.000;0.915
54.307;-35.222;2.080;-38.663;-0.895;-0.206;-0.395;-0.189;0.978;-0.083;-0.404;0.000;0.915
54.409;-35.222;2.080;-38.663;-0.895;-0.206;-0.395;-0.189;0.978;-0.083;-0.404;0.000;0.915
54.514;-35.222;2.080;-38.663;-0.895;-0.206;-0.395;-0.189;0.978;-0.083;-0.404;0.000;0.915
54.615;-35.222;2.080;-38.663;-0.895;-0.206;-0.395;-0.189;0.978;-0.083;-0.404;0.000;0.915
54.733;-35.222;2.080;-38.663;-0.895;-0.206;-0.395;-0.189;0.978;-0.083;-0.404;0.000;0.915
54.836;-35.222;2.080;-38.663;-0.895;-0.206;-0.395;-0.189;0.978;-0.083;-0.404;0.000;0.915
54.942;-35.222;2.080;-38.663;-0.895;-0.206;-0.395;-0.189;0.978;-0.083;-0.404;0.000;0.915
55.049;-35.222;2.080;-38.663;-0.895;-0.206;-0.395;-0.189;0.978;-0.083;-0.404;0.000;0.915
55.151;-35.222;2.080;-38.663;-0.895;-0.206;-0.395;-0.189;0.978;-0.083;-0.404;0.000;0.915
55.255;-35.222;2.080;-38.663;-0.895;-0.206;-0.395;-0.189;0.978;-0.083;-0.404;0.000;0.915
55.361;-35.222;2.080;-38.663;-0.895;-0.206;-0.395;-0.189;0.978;-0.083;-0.404;0.000;0.915
55.462;-35.222;2.080;-38.663;-0.895;-0.206;-0.395;-0.189;0.978;-0.083;-0.404;0.000;0.915
55.564;-35.222;2.080;-38.663;-0.895;-0.206;-0.395;-0.189;0.978;-0.083;-0.404;0.000;0.915
55.667;-35.222;2.080;-38.663;-0.895;-0.206;-0.395;-0.189;0.978;-0.083;-0.404;0.000;0.915
55.774;-35.222;2.080;-38.663;-0.895;-0.206;-0.395;-0.189;0.978;-0.083;-0.404;0.000;0.915
55.876;-35.222;2.080;-38.663;-0.895;-0.206;-0.395;-0.189;0.978;-0.083;-0.404;0.000;0.915
55.980;-35.222;2.080;-38.663;-0.895;-0.206;-0.395;-0.189;0.978;-0.083;-0.404;0.000;0.915
56.086;-35.222;2.080;-38.663;-0.895;-0.206;-0.395;-0.189;0.978;-0.083;-0.404;0.000;0.915
56.188;-35.222;2.080;-38.663;-0.895;-0.206;-0.395;-0.189;0.978;-0.083;-0.404;0.000;0.915
56.289;-35.222;2.080;-38.663;-0.895;-0.206;-0.395;-0.189;0.978;-0.083;-0.404;0.000;0.915
56.393;-35.222;2.080;-38.663;-0.895;-0.206;-0.395;-0.189;0.978;-0.083;-0.404;0.000;0.915
56.494;-35.222;2.080;-38.663;-0.895;-0.206;-0.395;-0.189;0.978;-0.083;-0.404;0.000;0.915
56.599;-35.222;2.080;-38.663;-0.895;-0.206;-0.395;-0.189;0.978;-0.083;-0.404;0.000;0.915
56.705;-35.222;2.080;-38.663;-0.895;-0.206;-0.395;-0.189;0.978;-0.083;-0.404;0.000;0.915
56.807;-35.222;2.080;-38.663;-0.895;-0.206;-0.395;-0.189;0.978;-0.083;-0.404;0.000;0.915
56.909;-35.222;2.080;-38.663;-0.895;-0.206;-0.395;-0.189;0.978;-0.083;-0.404;0.000;0.915
57.013;-35.222;2.080;-38.663;-0.895;-0.206;-0.395;-0.189;0.978;-0.083;-0.404;0.000;0.915
57.117;-35.222;2.080;-38.663;-0.895;-0.206;-0.395;-0.189;0.978;-0.083;-0.404;0.000;0.915
57.221;-35.222;2.080;-38.663;-0.895;-0.206;-0.395;-0.189;0.978;-0.083;-0.404;0.000;0.915
57.324;-35.222;2.080;-38.663;-0.895;-0.206;-0.395;-0.189;0.978;-0.083;-0.404;0.000;0.915
