1.704;-44.610;2.005;-86.050;0.000;0.000;1.000;0.000;1.000;0.000;1.000;0.000;0.000
1.805;-44.610;2.005;-86.050;0.000;0.000;1.000;0.000;1.000;0.000;1.000;0.000;0.000
1.910;-44.610;2.005;-86.050;0.000;0.000;1.000;0.000;1.000;0.000;1.000;0.000;0.000
2.016;-44.610;2.005;-86.050;0.012;-0.024;1.000;0.000;1.000;0.024;1.000;0.000;-0.012
2.119;-44.610;2.005;-86.050;0.031;-0.225;0.974;0.007;0.974;0.225;0.999;0.000;-0.032
2.223;-44.610;2.005;-86.050;0.064;-0.367;0.928;0.025;0.930;0.367;0.998;0.000;-0.069
2.325;-44.610;2.005;-86.050;0.184;-0.404;0.896;0.081;0.915;0.396;0.980;0.000;-0.201
2.430;-44.610;2.005;-86.050;0.537;-0.397;0.744;0.232;0.918;0.322;0.811;0.000;-0.585
2.538;-44.610;2.005;-86.050;0.602;-0.362;0.712;0.234;0.932;0.277;0.764;0.000;-0.645
2.639;-44.610;2.005;-86.050;0.580;-0.310;0.753;0.189;0.951;0.245;0.792;0.000;-0.610
2.742;-44.610;2.005;-86.050;0.478;-0.248;0.843;0.122;0.969;0.215;0.870;0.000;-0.493
2.848;-44.610;2.005;-86.050;0.444;-0.234;0.865;0.107;0.972;0.208;0.890;0.000;-0.457
2.948;-44.610;2.005;-86.050;0.444;-0.234;0.865;0.107;0.972;0.208;0.890;0.000;-0.457
3.051;-44.610;2.005;-86.050;0.444;-0.231;0.866;0.106;0.973;0.206;0.890;0.000;-0.457
3.155;-44.610;2.005;-86.050;0.444;-0.231;0.866;0.106;0.973;0.206;0.890;0.000;-0.457
3.261;-44.610;2.005;-86.050;0.444;-0.231;0.866;0.106;0.973;0.206;0.890;0.000;-0.457
3.364;-44.610;2.005;-86.050;0.444;-0.231;0.866;0.106;0.973;0.206;0.890;0.000;-0.457
3.469;-44.610;2.005;-86.050;0.449;-0.231;0.863;0.107;0.973;0.205;0.887;0.000;-0.461
3.573;-44.610;2.005;-86.050;0.450;-0.231;0.862;0.107;0.973;0.205;0.887;0.000;-0.463
3.676;-44.610;2.005;-86.050;0.452;-0.231;0.861;0.107;0.973;0.205;0.885;0.000;-0.465
3.784;-44.610;2.005;-86.050;0.454;-0.230;0.861;0.107;0.973;0.203;0.885;0.000;-0.466
3.890;-44.610;2.005;-86.050;0.454;-0.230;0.861;0.107;0.973;0.203;0.885;0.000;-0.466
3.992;-44.610;2.005;-86.050;0.454;-0.230;0.861;0.107;0.973;0.203;0.885;0.000;-0.466
4.095;-44.597;2.080;-86.026;0.454;-0.230;0.861;0.107;0.973;0.203;0.885;0.000;-0.466
4.200;-44.553;2.080;-85.942;0.454;-0.230;0.861;0.107;0.973;0.203;0.885;0.000;-0.466
4.305;-44.476;2.080;-85.796;0.454;-0.230;0.861;0.107;0.973;0.203;0.885;0.000;-0.466
4.406;-44.383;2.080;-85.619;0.454;-0.227;0.862;0.106;0.974;0.200;0.885;0.000;-0.466
4.509;-44.287;2.080;-85.437;0.453;-0.218;0.865;0.101;0.976;0.194;0.886;0.000;-0.464
4.613;-44.192;2.080;-85.253;0.450;-0.203;0.870;0.093;0.979;0.180;0.888;0.000;-0.459
4.716;-44.097;2.080;-85.069;0.450;-0.199;0.871;0.091;0.980;0.177;0.888;0.000;-0.459
4.818;-44.003;2.080;-84.888;0.450;-0.196;0.871;0.090;0.981;0.174;0.888;0.000;-0.459
4.922;-43.907;2.080;-84.703;0.453;-0.195;0.870;0.090;0.981;0.173;0.887;0.000;-0.462
5.028;-43.806;2.080;-84.518;0.488;-0.190;0.852;0.094;0.982;0.165;0.868;0.000;-0.497
5.130;-43.696;2.080;-84.345;0.558;-0.183;0.809;0.104;0.983;0.151;0.823;0.000;-0.568
5.230;-43.576;2.080;-84.185;0.625;-0.174;0.761;0.111;0.985;0.135;0.773;0.000;-0.635
5.334;-43.440;2.080;-84.029;0.657;-0.170;0.734;0.113;0.986;0.126;0.745;0.000;-0.667
5.435;-43.306;2.080;-83.879;0.657;-0.170;0.734;0.113;0.986;0.126;0.745;0.000;-0.667
5.539;-43.166;2.080;-83.723;0.657;-0.169;0.734;0.112;0.986;0.126;0.745;0.000;-0.667
5.642;-43.029;2.080;-83.569;0.657;-0.167;0.736;0.111;0.986;0.125;0.746;0.000;-0.666
5.744;-42.894;2.080;-83.418;0.657;-0.166;0.736;0.110;0.986;0.124;0.746;0.000;-0.666
5.846;-42.758;2.080;-83.266;0.656;-0.166;0.736;0.110;0.986;0.124;0.747;0.000;-0.665
5.946;-42.624;2.080;-83.116;0.656;-0.166;0.736;0.110;0.986;0.124;0.747;0.000;-0.665
6.048;-42.490;2.080;-82.966;0.656;-0.166;0.736;0.110;0.986;0.124;0.747;0.000;-0.665
6.152;-42.353;2.080;-82.812;0.656;-0.166;0.736;0.110;0.986;0.124;0.747;0.000;-0.665
6.255;-42.218;2.080;-82.660;0.656;-0.166;0.736;0.110;0.986;0.124;0.747;0.000;-0.665
6.368;-42.069;2.080;-82.493;0.656;-0.166;0.736;0.110;0.986;0.124;0.747;0.000;-0.665
6.470;-41.931;2.080;-82.337;0.656;-0.166;0.736;0.110;0.986;0.124;0.747;0.000;-0.665
6.576;-41.790;2.080;-82.179;0.656;-0.166;0.736;0.110;0.986;0.124;0.747;0.000;-0.665
6.682;-41.637;2.080;-82.030;0.764;-0.160;0.625;0.123;0.987;0.101;0.633;0.000;-0.774
6.783;-41.470;2.080;-81.911;0.834;-0.153;0.531;0.129;0.988;0.082;0.537;0.000;-0.843
6.887;-41.292;2.080;-81.803;0.848;-0.151;0.508;0.130;0.988;0.078;0.514;0.000;-0.858
6.988;-41.118;2.080;-81.698;0.848;-0.151;0.508;0.130;0.988;0.078;0.514;0.000;-0.858
7.092;-40.939;2.080;-81.592;0.848;-0.151;0.508;0.130;0.988;0.078;0.514;0.000;-0.858
7.196;-40.762;2.080;-81.485;0.848;-0.151;0.508;0.130;0.988;0.078;0.514;0.000;-0.858
7.297;-40.589;2.080;-81.382;0.848;-0.151;0.508;0.130;0.988;0.078;0.514;0.000;-0.858
7.398;-40.416;2.080;-81.278;0.844;-0.167;0.509;0.143;0.986;0.086;0.517;0.000;-0.856
7.499;-40.243;2.080;-81.173;0.838;-0.194;0.510;0.166;0.981;0.101;0.520;0.000;-0.854
7.600;-40.069;2.080;-81.067;0.836;-0.198;0.512;0.169;0.980;0.103;0.522;0.000;-0.853
7.701;-39.899;2.080;-80.960;0.812;-0.212;0.544;0.176;0.977;0.118;0.557;0.000;-0.831
7.802;-39.734;2.080;-80.842;0.782;-0.216;0.585;0.173;0.976;0.129;0.599;0.000;-0.801
7.905;-39.572;2.080;-80.717;0.773;-0.216;0.597;0.171;0.976;0.132;0.611;0.000;-0.791
8.005;-39.413;2.080;-80.595;0.773;-0.216;0.597;0.171;0.976;0.132;0.611;0.000;-0.791
8.106;-39.253;2.080;-80.471;0.773;-0.216;0.597;0.171;0.976;0.132;0.611;0.000;-0.791
8.208;-39.092;2.080;-80.347;0.773;-0.216;0.597;0.171;0.976;0.132;0.611;0.000;-0.791
8.311;-38.929;2.080;-80.221;0.773;-0.216;0.597;0.171;0.976;0.132;0.611;0.000;-0.791
8.415;-38.764;2.080;-80.096;0.795;-0.189;0.576;0.153;0.982;0.111;0.586;0.000;-0.810
8.516;-38.594;2.080;-79.984;0.838;-0.147;0.525;0.124;0.989;0.078;0.531;0.000;-0.848
8.620;-38.417;2.080;-79.876;0.854;-0.132;0.504;0.114;0.991;0.067;0.508;0.000;-0.861
8.722;-38.238;2.080;-79.777;0.875;-0.125;0.467;0.111;0.992;0.059;0.471;0.000;-0.882
8.824;-38.058;2.080;-79.682;0.880;-0.122;0.459;0.109;0.992;0.057;0.463;0.000;-0.886
8.926;-37.876;2.080;-79.588;0.881;-0.120;0.458;0.107;0.993;0.056;0.462;0.000;-0.887
9.027;-37.696;2.080;-79.495;0.886;-0.115;0.449;0.103;0.993;0.052;0.452;0.000;-0.892
9.128;-37.516;2.080;-79.405;0.891;-0.108;0.441;0.096;0.994;0.048;0.443;0.000;-0.896
9.230;-37.333;2.080;-79.317;0.905;-0.092;0.415;0.083;0.996;0.038;0.416;0.000;-0.909
9.332;-37.146;2.080;-79.233;0.914;-0.087;0.396;0.080;0.996;0.035;0.398;0.000;-0.918
9.434;-36.956;2.080;-79.161;0.948;-0.072;0.310;0.068;0.997;0.022;0.311;0.000;-0.951
9.534;-36.765;2.080;-79.102;0.956;-0.069;0.285;0.066;0.998;0.020;0.286;0.000;-0.958
9.634;-36.571;2.080;-79.049;0.968;-0.061;0.245;0.059;0.998;0.015;0.245;0.000;-0.970
9.737;-36.372;2.080;-78.999;0.968;-0.061;0.242;0.059;0.998;0.015;0.242;0.000;-0.970
9.837;-36.178;2.080;-78.951;0.969;-0.066;0.238;0.064;0.998;0.016;0.239;0.000;-0.971
9.938;-35.982;2.080;-78.902;0.969;-0.067;0.238;0.065;0.998;0.016;0.239;0.000;-0.971
10.039;-35.786;2.080;-78.854;0.969;-0.067;0.238;0.065;0.998;0.016;0.239;0.000;-0.971
10.139;-35.591;2.080;-78.806;0.968;-0.064;0.242;0.062;0.998;0.016;0.243;0.000;-0.970
10.239;-35.401;2.080;-78.744;0.905;-0.060;0.422;0.054;0.998;0.025;0.422;0.000;-0.906
10.342;-35.235;2.080;-78.625;0.680;-0.102;0.726;0.070;0.995;0.075;0.730;0.000;-0.684
10.443;-35.121;2.080;-78.461;0.419;-0.174;0.891;0.074;0.985;0.158;0.905;0.000;-0.426
10.548;-35.075;2.080;-78.257;0.024;-0.253;0.967;0.006;0.968;0.253;1.000;0.000;-0.025
10.650;-35.100;2.080;-78.055;-0.248;-0.303;0.920;-0.079;0.953;0.293;0.965;0.000;0.260
10.752;-35.181;2.080;-77.869;-0.484;-0.342;0.806;-0.176;0.940;0.293;0.857;0.000;0.515
10.855;-35.323;2.080;-77.721;-0.684;-0.415;0.600;-0.312;0.910;0.274;0.660;0.000;0.752
10.960;-35.488;2.080;-77.592;-0.705;-0.481;0.521;-0.387;0.877;0.286;0.595;0.000;0.804
11.065;-35.658;2.080;-77.468;-0.689;-0.531;0.493;-0.432;0.847;0.309;0.582;0.000;0.813
11.167;-35.828;2.080;-77.355;-0.683;-0.618;0.388;-0.538;0.786;0.305;0.494;0.000;0.870
11.268;-36.009;2.080;-77.264;-0.660;-0.687;0.303;-0.625;0.726;0.287;0.417;0.000;0.909
11.370;-36.163;2.080;-77.196;-0.635;-0.720;0.279;-0.659;0.694;0.290;0.403;0.000;0.915
11.474;-36.262;2.080;-77.153;-0.628;-0.730;0.270;-0.671;0.683;0.288;0.395;0.000;0.919
11.575;-36.297;2.080;-77.138;-0.624;-0.735;0.266;-0.676;0.678;0.288;0.392;0.000;0.920
11.676;-36.297;2.080;-77.138;-0.612;-0.749;0.254;-0.692;0.663;0.287;0.383;0.000;0.924
11.777;-36.297;2.080;-77.138;-0.612;-0.749;0.254;-0.692;0.663;0.287;0.383;0.000;0.924
11.877;-36.297;2.080;-77.138;-0.612;-0.749;0.254;-0.692;0.663;0.287;0.383;0.000;0.924
11.981;-36.297;2.080;-77.138;-0.612;-0.749;0.254;-0.692;0.663;0.287;0.383;0.000;0.924
12.082;-36.297;2.080;-77.138;-0.612;-0.749;0.254;-0.692;0.663;0.287;0.383;0.000;0.924
12.185;-36.297;2.080;-77.138;-0.612;-0.749;0.254;-0.692;0.663;0.287;0.383;0.000;0.924
12.287;-36.297;2.080;-77.138;-0.612;-0.749;0.254;-0.692;0.663;0.287;0.383;0.000;0.924
12.388;-36.297;2.080;-77.138;-0.612;-0.749;0.254;-0.692;0.663;0.287;0.383;0.000;0.924
12.491;-36.297;2.080;-77.138;-0.612;-0.749;0.254;-0.692;0.663;0.287;0.383;0.000;0.924
12.592;-36.297;2.080;-77.138;-0.612;-0.749;0.254;-0.692;0.663;0.287;0.383;0.000;0.924
12.695;-36.297;2.080;-77.138;-0.612;-0.749;0.254;-0.692;0.663;0.287;0.383;0.000;0.924
12.798;-36.297;2.080;-77.138;-0.612;-0.749;0.254;-0.692;0.663;0.287;0.383;0.000;0.924
12.903;-36.297;2.080;-77.138;-0.612;-0.749;0.254;-0.692;0.663;0.287;0.383;0.000;0.924
13.006;-36.297;2.080;-77.138;-0.612;-0.749;0.254;-0.692;0.663;0.287;0.383;0.000;0.924
13.109;-36.297;2.080;-77.138;-0.612;-0.749;0.254;-0.692;0.663;0.287;0.383;0.000;0.924
13.213;-36.297;2.080;-77.138;-0.612;-0.749;0.254;-0.692;0.663;0.287;0.383;0.000;0.924
13.316;-36.297;2.080;-77.138;-0.612;-0.749;0.254;-0.692;0.663;0.287;0.383;0.000;0.924
13.417;-36.297;2.080;-77.138;-0.612;-0.749;0.254;-0.692;0.663;0.287;0.383;0.000;0.924
13.517;-36.297;2.080;-77.138;-0.612;-0.749;0.254;-0.692;0.663;0.287;0.383;0.000;0.924
13.618;-36.297;2.080;-77.138;-0.612;-0.749;0.254;-0.692;0.663;0.287;0.383;0.000;0.924
13.721;-36.297;2.080;-77.138;-0.612;-0.749;0.254;-0.692;0.663;0.287;0.383;0.000;0.924
13.822;-36.297;2.080;-77.138;-0.612;-0.749;0.254;-0.692;0.663;0.287;0.383;0.000;0.924
13.925;-36.297;2.080;-77.138;-0.612;-0.749;0.254;-0.692;0.663;0.287;0.383;0.000;0.924
14.028;-36.297;2.080;-77.138;-0.612;-0.749;0.254;-0.692;0.663;0.287;0.383;0.000;0.924
14.131;-36.297;2.080;-77.138;-0.612;-0.749;0.254;-0.692;0.663;0.287;0.383;0.000;0.924
14.234;-36.297;2.080;-77.138;-0.612;-0.749;0.254;-0.692;0.663;0.287;0.383;0.000;0.924
14.338;-36.297;2.080;-77.138;-0.612;-0.749;0.254;-0.692;0.663;0.287;0.383;0.000;0.924
14.440;-36.297;2.080;-77.138;-0.612;-0.749;0.254;-0.692;0.663;0.287;0.383;0.000;0.924
14.543;-36.297;2.080;-77.138;-0.612;-0.749;0.254;-0.692;0.663;0.287;0.383;0.000;0.924
14.646;-36.297;2.080;-77.138;-0.612;-0.749;0.254;-0.692;0.663;0.287;0.383;0.000;0.924
14.747;-36.297;2.080;-77.138;-0.612;-0.749;0.254;-0.692;0.663;0.287;0.383;0.000;0.924
14.850;-36.297;2.080;-77.138;-0.612;-0.749;0.254;-0.692;0.663;0.287;0.383;0.000;0.924
14.952;-36.297;2.080;-77.138;-0.612;-0.749;0.254;-0.692;0.663;0.287;0.383;0.000;0.924
15.055;-36.297;2.080;-77.138;-0.612;-0.749;0.254;-0.692;0.663;0.287;0.383;0.000;0.924
15.158;-36.297;2.080;-77.138;-0.612;-0.749;0.254;-0.692;0.663;0.287;0.383;0.000;0.924
15.259;-36.297;2.080;-77.138;-0.612;-0.749;0.254;-0.692;0.663;0.287;0.383;0.000;0.924
15.363;-36.297;2.080;-77.138;0.833;-0.547;0.088;0.544;0.837;0.057;0.105;0.000;-0.994
15.464;-36.297;2.080;-77.138;0.833;-0.547;0.088;0.544;0.837;0.057;0.105;0.000;-0.994
15.566;-36.297;2.080;-77.138;0.833;-0.547;0.088;0.544;0.837;0.057;0.105;0.000;-0.994
15.668;-36.297;2.080;-77.138;0.833;-0.545;0.095;0.541;0.839;0.062;0.114;0.000;-0.994
15.769;-36.297;2.080;-77.138;0.801;-0.475;0.365;0.433;0.880;0.197;0.415;0.000;-0.910
15.872;-36.297;2.080;-77.138;0.783;-0.429;0.451;0.372;0.903;0.214;0.499;0.000;-0.866
15.974;-36.297;2.080;-77.138;0.795;-0.413;0.443;0.361;0.911;0.201;0.487;0.000;-0.873
16.074;-36.297;2.080;-77.138;0.830;-0.370;0.417;0.331;0.929;0.166;0.449;0.000;-0.894
16.176;-36.297;2.080;-77.138;0.852;-0.337;0.402;0.305;0.942;0.144;0.427;0.000;-0.904
16.276;-36.297;2.080;-77.138;0.872;-0.327;0.365;0.302;0.945;0.126;0.386;0.000;-0.923
16.378;-36.297;2.080;-77.138;0.896;-0.311;0.316;0.294;0.950;0.104;0.333;0.000;-0.943
16.479;-36.297;2.080;-77.138;0.897;-0.311;0.315;0.294;0.950;0.103;0.331;0.000;-0.944
16.580;-36.297;2.080;-77.138;0.897;-0.311;0.313;0.294;0.950;0.103;0.330;0.000;-0.944
16.682;-36.201;2.080;-77.104;0.900;-0.310;0.308;0.293;0.951;0.100;0.324;0.000;-0.946
16.783;-35.816;2.080;-76.973;0.901;-0.307;0.308;0.290;0.952;0.099;0.323;0.000;-0.946
16.885;-35.132;2.080;-76.747;0.911;-0.298;0.285;0.285;0.954;0.089;0.298;0.000;-0.954
16.987;-34.195;2.080;-76.573;0.930;-0.282;0.234;0.274;0.959;0.069;0.244;0.000;-0.970
17.088;-33.192;2.080;-76.431;0.967;-0.251;0.050;0.251;0.968;0.013;0.051;0.000;-0.999
17.189;-32.187;2.080;-76.422;0.969;-0.246;0.001;0.246;0.969;0.000;0.001;0.000;-1.000
17.289;-31.178;2.080;-76.422;0.969;-0.246;-0.002;0.246;0.969;0.000;-0.002;0.000;-1.000
17.391;-30.822;2.080;-76.543;0.969;-0.246;-0.025;0.246;0.969;-0.006;-0.026;0.000;-1.000
17.492;-30.787;2.080;-76.752;0.966;-0.250;-0.060;0.249;0.968;-0.016;-0.062;0.000;-0.998
17.595;-30.742;2.080;-77.017;0.951;-0.282;-0.129;0.280;0.959;-0.038;-0.135;0.000;-0.991
17.697;-30.657;2.080;-77.354;0.950;-0.283;-0.135;0.280;0.959;-0.040;-0.140;0.000;-0.990
17.798;-29.818;2.080;-77.669;0.952;-0.281;-0.126;0.278;0.960;-0.037;-0.131;0.000;-0.991
17.901;-28.795;2.080;-77.774;0.963;-0.262;-0.060;0.262;0.965;-0.016;-0.062;0.000;-0.998
18.002;-27.785;2.080;-77.825;0.966;-0.257;-0.042;0.256;0.967;-0.011;-0.043;0.000;-0.999
18.105;-26.756;2.080;-77.864;0.967;-0.255;-0.033;0.254;0.967;-0.009;-0.034;0.000;-0.999
18.205;-25.750;2.080;-77.896;0.967;-0.255;-0.030;0.254;0.967;-0.008;-0.031;0.000;-1.000
18.307;-24.735;2.080;-77.925;0.967;-0.255;-0.023;0.254;0.967;-0.006;-0.024;0.000;-1.000
18.407;-23.728;2.080;-77.937;0.966;-0.257;0.017;0.257;0.966;0.004;0.017;0.000;-1.000
18.510;-22.724;2.080;-77.786;0.895;-0.272;0.353;0.253;0.962;0.100;0.366;0.000;-0.930
18.611;-21.839;2.080;-77.293;0.785;-0.305;0.540;0.251;0.952;0.173;0.567;0.000;-0.824
18.713;-21.005;2.080;-76.711;0.780;-0.306;0.547;0.250;0.952;0.175;0.574;0.000;-0.819
18.814;-20.182;2.080;-76.134;0.780;-0.306;0.547;0.250;0.952;0.175;0.574;0.000;-0.819
18.917;-19.340;2.080;-75.542;0.776;-0.306;0.552;0.249;0.952;0.177;0.579;0.000;-0.815
19.017;-18.554;2.080;-74.923;0.705;-0.309;0.638;0.229;0.951;0.207;0.671;0.000;-0.742
19.119;-17.851;2.080;-74.181;0.627;-0.311;0.715;0.205;0.950;0.234;0.752;0.000;-0.659
19.220;-17.183;2.080;-73.414;0.617;-0.305;0.726;0.198;0.952;0.233;0.762;0.000;-0.648
19.324;-16.560;2.080;-72.590;0.520;-0.301;0.799;0.164;0.954;0.252;0.838;0.000;-0.545
19.425;-16.094;2.080;-71.700;0.347;-0.295;0.890;0.107;0.956;0.275;0.932;0.000;-0.363
19.527;-15.764;2.080;-70.732;0.302;-0.298;0.906;0.094;0.955;0.283;0.949;0.000;-0.316
19.631;-15.628;2.080;-69.741;0.299;-0.299;0.906;0.094;0.954;0.284;0.950;0.000;-0.313
19.732;-15.630;2.080;-68.845;0.232;-0.338;0.912;0.083;0.941;0.327;0.969;0.000;-0.247
19.836;-15.706;2.080;-68.818;0.205;-0.347;0.915;0.076;0.938;0.338;0.976;0.000;-0.218
19.938;-15.995;2.080;-68.344;0.151;-0.343;0.927;0.055;0.940;0.338;0.987;0.000;-0.161
20.039;-15.878;2.080;-67.343;0.152;-0.337;0.929;0.054;0.942;0.332;0.987;0.000;-0.161
20.140;-15.706;2.080;-66.399;0.213;-0.352;0.911;0.080;0.936;0.342;0.974;0.000;-0.228
20.241;-15.641;2.080;-65.494;0.473;-0.437;0.765;0.230;0.900;0.372;0.850;0.000;-0.526
20.343;-15.641;2.080;-64.628;0.473;-0.437;0.765;0.230;0.900;0.372;0.850;0.000;-0.526
20.447;-15.633;2.080;-63.824;0.473;-0.437;0.765;0.230;0.900;0.372;0.850;0.000;-0.526
20.550;-15.082;2.080;-62.857;0.473;-0.437;0.765;0.230;0.900;0.372;0.850;0.000;-0.526
20.651;-14.548;2.080;-61.992;0.473;-0.437;0.765;0.230;0.900;0.372;0.850;0.000;-0.526
20.755;-14.006;2.080;-61.116;0.473;-0.437;0.765;0.230;0.900;0.372;0.850;0.000;-0.526
20.858;-13.532;2.080;-60.334;0.433;-0.438;0.787;0.211;0.899;0.384;0.876;0.000;-0.482
20.959;-13.307;2.080;-59.789;0.176;-0.440;0.881;0.086;0.898;0.431;0.981;0.000;-0.196
21.059;-13.302;2.080;-59.511;-0.137;-0.478;0.868;-0.074;0.878;0.472;0.988;0.000;0.156
21.161;-13.307;2.080;-59.484;-0.221;-0.486;0.845;-0.123;0.874;0.470;0.967;0.000;0.253
21.265;-13.307;2.080;-59.484;-0.369;-0.480;0.796;-0.202;0.877;0.436;0.907;0.000;0.421
21.367;-13.307;2.080;-59.484;-0.448;-0.444;0.776;-0.222;0.896;0.385;0.866;0.000;0.500
21.471;-13.398;2.080;-59.357;-0.564;-0.362;0.742;-0.219;0.932;0.288;0.796;0.000;0.605
21.573;-13.696;2.080;-59.000;-0.629;-0.312;0.712;-0.206;0.950;0.234;0.750;0.000;0.662
21.677;-14.232;2.080;-58.814;-0.641;-0.295;0.708;-0.198;0.956;0.218;0.741;0.000;0.671
21.782;-14.250;2.080;-58.814;-0.625;-0.276;0.730;-0.180;0.961;0.210;0.759;0.000;0.651
21.884;-14.256;2.080;-58.808;-0.719;-0.243;0.651;-0.180;0.970;0.163;0.672;0.000;0.741
21.985;-14.264;2.080;-58.802;-0.900;-0.245;0.359;-0.228;0.969;0.091;0.370;0.000;0.929
22.086;-14.264;2.080;-58.802;-0.786;-0.288;0.547;-0.236;0.958;0.164;0.571;0.000;0.821
22.188;-14.264;2.080;-58.802;-0.163;-0.275;0.947;-0.047;0.961;0.271;0.986;0.000;0.170
22.289;-14.264;2.080;-58.802;0.319;-0.268;0.909;0.089;0.963;0.253;0.944;0.000;-0.331
22.390;-14.264;2.080;-58.802;0.572;-0.266;0.776;0.158;0.964;0.214;0.805;0.000;-0.593
22.491;-14.264;2.080;-58.802;0.759;-0.273;0.592;0.215;0.962;0.168;0.615;0.000;-0.789
22.595;-14.264;2.080;-58.802;0.910;-0.280;0.306;0.265;0.960;0.089;0.319;0.000;-0.948
22.698;-14.264;2.080;-58.802;0.943;-0.277;-0.182;0.272;0.961;-0.053;-0.190;0.000;-0.982
22.799;-14.264;2.080;-58.802;0.932;-0.272;-0.240;0.263;0.962;-0.068;-0.250;0.000;-0.968
22.906;-14.264;2.080;-58.802;0.911;-0.257;-0.321;0.243;0.966;-0.085;-0.332;0.000;-0.943
23.007;-14.264;2.080;-58.802;0.840;-0.210;-0.501;0.180;0.978;-0.108;-0.513;0.000;-0.859
23.108;-14.264;2.080;-58.802;0.712;-0.183;-0.678;0.132;0.983;-0.126;-0.690;0.000;-0.724
23.211;-14.264;2.080;-58.802;0.628;-0.169;-0.760;0.108;0.986;-0.130;-0.771;0.000;-0.637
23.315;-14.264;2.080;-58.802;0.457;-0.158;-0.875;0.073;0.987;-0.140;-0.886;0.000;-0.463
23.421;-14.264;2.080;-58.802;0.284;-0.133;-0.949;0.038;0.991;-0.128;-0.958;0.000;-0.287
23.522;-14.264;2.080;-58.802;0.284;-0.133;-0.949;0.038;0.991;-0.128;-0.958;0.000;-0.287
23.622;-14.264;2.080;-58.802;0.284;-0.133;-0.949;0.038;0.991;-0.128;-0.958;0.000;-0.287
23.725;-14.264;2.080;-58.802;0.284;-0.133;-0.949;0.038;0.991;-0.128;-0.958;0.000;-0.287
23.828;-14.264;2.080;-58.802;0.284;-0.133;-0.949;0.038;0.991;-0.128;-0.958;0.000;-0.287
23.929;-14.264;2.080;-58.802;0.284;-0.133;-0.949;0.038;0.991;-0.128;-0.958;0.000;-0.287
24.031;-14.264;2.080;-58.802;0.118;-0.133;-0.984;0.016;0.991;-0.132;-0.993;0.000;-0.119
24.133;-14.264;2.080;-58.802;-0.335;-0.131;-0.933;-0.044;0.991;-0.123;-0.941;0.000;0.338
24.235;-14.264;2.080;-58.802;-0.482;-0.123;-0.868;-0.060;0.992;-0.108;-0.874;0.000;0.485
24.336;-14.264;2.080;-58.802;-0.483;-0.123;-0.867;-0.060;0.992;-0.108;-0.874;0.000;0.486
24.438;-14.291;2.080;-58.925;-0.483;-0.123;-0.867;-0.060;0.992;-0.108;-0.874;0.000;0.486
24.538;-14.292;2.080;-59.309;-0.473;-0.117;-0.873;-0.056;0.993;-0.103;-0.879;0.000;0.477
24.639;-14.329;2.080;-59.981;-0.472;-0.117;-0.874;-0.055;0.993;-0.103;-0.880;0.000;0.475
24.740;-14.798;2.080;-60.854;-0.472;-0.117;-0.874;-0.055;0.993;-0.103;-0.880;0.000;0.475
24.841;-15.284;2.080;-61.734;-0.505;-0.110;-0.856;-0.056;0.994;-0.095;-0.861;0.000;0.508
24.943;-15.873;2.080;-62.570;-0.610;-0.113;-0.784;-0.069;0.994;-0.089;-0.789;0.000;0.614
25.045;-16.505;2.080;-63.366;-0.620;-0.115;-0.776;-0.072;0.993;-0.090;-0.781;0.000;0.624
25.148;-17.172;2.080;-64.158;-0.667;-0.124;-0.735;-0.083;0.992;-0.092;-0.740;0.000;0.672
25.250;-17.944;2.080;-64.787;-0.834;-0.177;-0.523;-0.150;0.984;-0.094;-0.531;0.000;0.847
25.353;-18.618;2.080;-65.131;-0.907;-0.203;-0.369;-0.188;0.979;-0.076;-0.377;0.000;0.926
25.456;-19.038;2.080;-65.245;-0.968;-0.195;-0.155;-0.193;0.981;-0.031;-0.158;0.000;0.987
25.557;-19.160;2.080;-65.260;-0.979;-0.191;-0.067;-0.190;0.982;-0.013;-0.068;0.000;0.998
25.657;-19.160;2.080;-65.260;-0.983;-0.185;-0.017;-0.185;0.983;-0.003;-0.017;0.000;1.000
25.761;-19.160;2.080;-65.260;-0.984;-0.175;0.017;-0.175;0.985;0.003;0.018;0.000;1.000
25.865;-19.160;2.080;-65.260;-0.987;-0.158;0.038;-0.158;0.987;0.006;0.038;0.000;0.999
25.966;-19.296;2.080;-65.252;-0.988;-0.144;0.057;-0.144;0.990;0.008;0.057;0.000;0.998
26.068;-19.748;2.080;-65.226;-0.988;-0.143;0.057;-0.143;0.990;0.008;0.057;0.000;0.998
26.171;-20.516;2.080;-65.183;-0.989;-0.137;0.057;-0.137;0.991;0.008;0.057;0.000;0.998
26.271;-21.504;2.080;-65.126;-0.990;-0.133;0.057;-0.133;0.991;0.008;0.057;0.000;0.998
26.375;-22.535;2.080;-65.066;-0.989;-0.129;0.067;-0.129;0.992;0.009;0.068;0.000;0.998
26.477;-23.547;2.080;-64.948;-0.981;-0.118;0.156;-0.116;0.993;0.019;0.157;0.000;0.988
26.578;-24.542;2.080;-64.763;-0.973;-0.118;0.200;-0.115;0.993;0.024;0.202;0.000;0.979
26.678;-25.521;2.080;-64.539;-0.963;-0.129;0.236;-0.125;0.992;0.031;0.238;0.000;0.971
26.781;-26.512;2.080;-64.276;-0.950;-0.135;0.281;-0.129;0.991;0.038;0.284;0.000;0.959
26.883;-27.456;2.080;-63.886;-0.849;-0.160;0.503;-0.138;0.987;0.082;0.510;0.000;0.860
26.986;-28.266;2.080;-63.259;-0.733;-0.171;0.659;-0.127;0.985;0.114;0.669;0.000;0.743
27.087;-28.990;2.080;-62.553;-0.690;-0.168;0.704;-0.118;0.986;0.120;0.714;0.000;0.700
27.191;-29.718;2.080;-61.812;-0.691;-0.166;0.704;-0.116;0.986;0.118;0.714;0.000;0.700
27.291;-30.425;2.080;-61.101;-0.698;-0.158;0.698;-0.111;0.988;0.111;0.707;0.000;0.707
27.394;-31.153;2.080;-60.373;-0.699;-0.150;0.699;-0.106;0.989;0.106;0.707;0.000;0.707
27.494;-31.856;2.080;-59.661;-0.691;-0.121;0.713;-0.084;0.993;0.087;0.718;0.000;0.696
27.596;-32.563;2.080;-58.926;-0.688;-0.104;0.718;-0.072;0.995;0.075;0.722;0.000;0.692
27.697;-33.260;2.080;-58.199;-0.694;-0.106;0.712;-0.074;0.994;0.076;0.716;0.000;0.698
27.797;-33.910;2.080;-57.636;-0.758;-0.137;0.638;-0.105;0.991;0.088;0.644;0.000;0.765
27.899;-34.339;2.080;-57.276;-0.758;-0.137;0.638;-0.105;0.991;0.088;0.644;0.000;0.765
27.999;-34.530;2.080;-57.115;-0.758;-0.137;0.638;-0.105;0.991;0.088;0.644;0.000;0.765
28.099;-34.543;2.080;-57.105;-0.758;-0.137;0.638;-0.105;0.991;0.088;0.644;0.000;0.765
28.199;-34.543;2.080;-57.105;-0.758;-0.137;0.638;-0.105;0.991;0.088;0.644;0.000;0.765
28.301;-34.543;2.080;-57.105;-0.754;-0.133;0.643;-0.101;0.991;0.086;0.649;0.000;0.761
28.401;-34.543;2.080;-57.105;-0.746;-0.119;0.655;-0.090;0.993;0.079;0.659;0.000;0.752
28.504;-34.691;2.080;-56.973;-0.744;-0.086;0.663;-0.064;0.996;0.057;0.665;0.000;0.747
28.604;-35.063;2.080;-56.641;-0.744;-0.066;0.665;-0.049;0.998;0.044;0.667;0.000;0.745
28.705;-35.660;2.080;-56.107;-0.744;-0.064;0.665;-0.048;0.998;0.043;0.667;0.000;0.745
28.805;-36.407;2.080;-55.439;-0.745;-0.064;0.664;-0.047;0.998;0.042;0.666;0.000;0.746
28.906;-37.165;2.080;-54.773;-0.757;-0.059;0.650;-0.045;0.998;0.039;0.652;0.000;0.759
29.009;-37.951;2.080;-54.112;-0.771;-0.052;0.635;-0.040;0.999;0.033;0.636;0.000;0.772
29.109;-38.725;2.080;-53.473;-0.771;-0.050;0.635;-0.038;0.999;0.032;0.636;0.000;0.772
29.213;-39.522;2.080;-52.816;-0.769;-0.050;0.637;-0.038;0.999;0.032;0.638;0.000;0.770
29.316;-40.308;2.080;-52.153;-0.761;-0.048;0.647;-0.037;0.999;0.031;0.648;0.000;0.762
29.417;-41.082;2.080;-51.493;-0.758;-0.048;0.650;-0.036;0.999;0.031;0.651;0.000;0.759
29.518;-41.770;2.080;-50.808;-0.668;-0.059;0.742;-0.039;0.998;0.044;0.743;0.000;0.669
29.618;-42.183;2.080;-50.231;-0.445;-0.077;0.892;-0.034;0.997;0.069;0.895;0.000;0.446
29.719;-42.330;2.080;-49.854;-0.245;-0.086;0.966;-0.021;0.996;0.083;0.969;0.000;0.246
29.821;-42.347;2.080;-49.751;-0.011;-0.089;0.996;-0.001;0.996;0.089;1.000;0.000;0.011
29.922;-42.347;2.080;-49.751;0.068;-0.091;0.993;0.006;0.996;0.091;0.998;0.000;-0.069
30.025;-42.347;2.080;-49.751;0.098;-0.092;0.991;0.009;0.996;0.092;0.995;0.000;-0.098
30.126;-42.347;2.080;-49.751;0.101;-0.092;0.991;0.009;0.996;0.092;0.995;0.000;-0.101
30.229;-42.347;2.080;-49.751;0.101;-0.092;0.991;0.009;0.996;0.092;0.995;0.000;-0.101
30.331;-42.347;2.080;-49.751;0.155;-0.094;0.983;0.015;0.996;0.093;0.988;0.000;-0.155
30.435;-42.347;2.080;-49.751;0.305;-0.101;0.947;0.031;0.995;0.096;0.952;0.000;-0.306
30.537;-42.347;2.080;-49.751;0.331;-0.101;0.938;0.033;0.995;0.095;0.943;0.000;-0.333
30.637;-42.347;2.080;-49.751;0.331;-0.101;0.938;0.033;0.995;0.095;0.943;0.000;-0.333
30.740;-42.298;2.080;-49.612;0.331;-0.101;0.938;0.033;0.995;0.095;0.943;0.000;-0.333
30.843;-42.141;2.080;-49.168;0.335;-0.101;0.937;0.034;0.995;0.095;0.942;0.000;-0.337
30.945;-41.858;2.080;-48.451;0.395;-0.094;0.914;0.037;0.996;0.086;0.918;0.000;-0.397
31.047;-41.432;2.080;-47.528;0.451;-0.094;0.887;0.043;0.996;0.084;0.891;0.000;-0.453
31.150;-40.924;2.080;-46.639;0.526;-0.094;0.845;0.050;0.996;0.080;0.849;0.000;-0.529
31.250;-40.386;2.080;-45.796;0.540;-0.092;0.837;0.050;0.996;0.078;0.840;0.000;-0.542
31.350;-39.838;2.080;-44.954;0.546;-0.092;0.833;0.051;0.996;0.077;0.836;0.000;-0.548
31.453;-39.273;2.080;-44.094;0.548;-0.090;0.831;0.050;0.996;0.075;0.835;0.000;-0.551
31.556;-38.700;2.080;-43.248;0.575;-0.084;0.814;0.049;0.996;0.069;0.817;0.000;-0.577
31.658;-38.072;2.080;-42.438;0.635;-0.075;0.769;0.048;0.997;0.058;0.771;0.000;-0.637
31.759;-37.386;2.080;-41.707;0.686;-0.064;0.725;0.044;0.998;0.046;0.726;0.000;-0.687
31.862;-36.661;2.080;-40.995;0.689;-0.061;0.722;0.042;0.998;0.044;0.724;0.000;-0.690
31.963;-35.955;2.080;-40.261;0.696;-0.053;0.716;0.037;0.999;0.038;0.718;0.000;-0.697
32.067;-35.236;2.080;-39.519;0.694;-0.043;0.719;0.030;0.999;0.031;0.719;0.000;-0.695
32.167;-34.541;2.080;-38.799;0.704;-0.028;0.710;0.020;1.000;0.020;0.710;0.000;-0.704
32.269;-33.778;2.080;-38.119;0.815;-0.025;0.578;0.021;1.000;0.015;0.579;0.000;-0.816
32.371;-32.905;2.080;-37.598;0.890;-0.025;0.455;0.022;1.000;0.011;0.455;0.000;-0.890
32.477;-32.078;2.080;-37.202;0.912;-0.025;0.409;0.023;1.000;0.010;0.409;0.000;-0.913
32.580;-31.585;2.080;-36.927;0.816;-0.052;0.576;0.043;0.999;0.030;0.577;0.000;-0.817
32.681;-31.385;2.080;-36.786;0.816;-0.052;0.576;0.043;0.999;0.030;0.577;0.000;-0.817
32.781;-31.374;2.080;-36.778;0.816;-0.052;0.576;0.043;0.999;0.030;0.577;0.000;-0.817
32.884;-31.374;2.080;-36.778;0.816;-0.052;0.576;0.043;0.999;0.030;0.577;0.000;-0.817
32.984;-31.374;2.080;-36.778;0.836;-0.048;0.546;0.040;0.999;0.026;0.547;0.000;-0.837
33.086;-31.374;2.080;-36.778;0.873;-0.043;0.486;0.037;0.999;0.021;0.486;0.000;-0.874
33.186;-31.374;2.080;-36.778;0.910;-0.048;0.413;0.044;0.999;0.020;0.413;0.000;-0.911
33.287;-31.374;2.080;-36.778;0.931;-0.049;0.362;0.046;0.999;0.018;0.362;0.000;-0.932
33.388;-31.374;2.080;-36.778;0.951;-0.048;0.304;0.046;0.999;0.015;0.304;0.000;-0.953
33.489;-31.374;2.080;-36.778;0.979;-0.027;0.201;0.027;1.000;0.005;0.201;0.000;-0.980
33.590;-31.374;2.080;-36.778;0.981;0.000;0.192;0.000;1.000;0.000;0.192;0.000;-0.981
33.691;-31.280;2.080;-36.760;0.982;0.038;0.183;-0.037;0.999;-0.007;0.183;0.000;-0.983
33.791;-30.895;2.080;-36.690;0.983;0.055;0.177;-0.055;0.998;-0.010;0.177;0.000;-0.984
33.894;-30.191;2.080;-36.566;0.984;0.059;0.170;-0.058;0.998;-0.010;0.170;0.000;-0.985
33.995;-29.241;2.080;-36.405;0.986;0.059;0.159;-0.059;0.998;-0.009;0.159;0.000;-0.987
34.096;-28.235;2.080;-36.249;0.987;0.056;0.149;-0.055;0.998;-0.008;0.149;0.000;-0.989
34.199;-27.217;2.080;-36.096;0.988;0.057;0.147;-0.056;0.998;-0.008;0.147;0.000;-0.989
34.300;-26.244;2.080;-35.953;0.988;0.058;0.145;-0.057;0.998;-0.008;0.146;0.000;-0.989
34.400;-25.396;2.080;-36.015;0.984;0.070;0.162;-0.069;0.998;-0.011;0.162;0.000;-0.987
34.503;-24.409;2.080;-35.893;0.973;0.079;0.216;-0.077;0.997;-0.017;0.217;0.000;-0.976
34.605;-23.630;2.080;-35.703;0.963;0.080;0.257;-0.078;0.997;-0.021;0.257;0.000;-0.966
34.706;-23.166;2.080;-35.566;0.942;0.079;0.326;-0.075;0.997;-0.026;0.327;0.000;-0.945
34.807;-23.003;2.080;-35.499;0.893;0.078;0.444;-0.070;0.997;-0.035;0.445;0.000;-0.895
34.907;-23.003;2.080;-35.499;0.731;0.058;0.680;-0.042;0.998;-0.039;0.681;0.000;-0.732
35.010;-23.003;2.080;-35.499;0.587;0.053;0.808;-0.031;0.999;-0.042;0.809;0.000;-0.588
35.110;-23.003;2.080;-35.499;0.534;0.054;0.844;-0.029;0.999;-0.045;0.845;0.000;-0.535
35.214;-23.003;2.080;-35.499;0.486;0.052;0.872;-0.025;0.999;-0.045;0.874;0.000;-0.487
35.316;-23.003;2.080;-35.499;0.441;0.049;0.896;-0.022;0.999;-0.044;0.897;0.000;-0.442
35.418;-23.003;2.080;-35.499;0.376;0.048;0.925;-0.018;0.999;-0.045;0.926;0.000;-0.376
35.519;-23.003;2.080;-35.499;0.329;0.048;0.943;-0.016;0.999;-0.045;0.944;0.000;-0.329
35.623;-23.003;2.080;-35.499;0.325;0.048;0.944;-0.016;0.999;-0.045;0.945;0.000;-0.326
35.727;-22.994;2.080;-35.471;0.319;0.048;0.946;-0.015;0.999;-0.046;0.948;0.000;-0.320
35.827;-22.905;2.080;-35.197;0.299;0.048;0.953;-0.014;0.999;-0.046;0.954;0.000;-0.300
35.928;-22.728;2.080;-34.626;0.291;0.049;0.956;-0.014;0.999;-0.047;0.957;0.000;-0.291
36.031;-22.465;2.080;-33.745;0.278;0.049;0.959;-0.014;0.999;-0.047;0.960;0.000;-0.278
36.132;-22.186;2.080;-32.780;0.276;0.049;0.960;-0.014;0.999;-0.047;0.961;0.000;-0.277
36.235;-21.905;2.080;-31.788;0.267;0.050;0.962;-0.013;0.999;-0.048;0.964;0.000;-0.267
36.336;-21.637;2.080;-30.814;0.265;0.050;0.963;-0.013;0.999;-0.048;0.964;0.000;-0.265
36.436;-21.332;2.080;-30.410;0.265;0.050;0.963;-0.013;0.999;-0.048;0.964;0.000;-0.265
