1.760;-44.610;2.005;-86.050;0.000;0.000;1.000;0.000;1.000;0.000;1.000;0.000;0.000
1.866;-44.610;2.005;-86.050;0.000;0.000;1.000;0.000;1.000;0.000;1.000;0.000;0.000
1.973;-44.610;2.005;-86.050;0.000;0.000;1.000;0.000;1.000;0.000;1.000;0.000;0.000
2.076;-44.610;2.005;-86.050;0.000;0.000;1.000;0.000;1.000;0.000;1.000;0.000;0.000
2.180;-44.610;2.005;-86.050;0.004;0.000;1.000;0.000;1.000;0.000;1.000;0.000;-0.004
2.288;-44.610;2.005;-86.050;0.018;-0.002;1.000;0.000;1.000;0.002;1.000;0.000;-0.018
2.388;-44.610;2.005;-86.050;0.061;-0.010;0.998;0.001;1.000;0.010;0.998;0.000;-0.061
2.489;-44.610;2.005;-86.050;0.133;-0.015;0.991;0.002;1.000;0.015;0.991;0.000;-0.133
2.590;-44.610;2.005;-86.050;0.259;-0.036;0.965;0.009;0.999;0.035;0.966;0.000;-0.260
2.695;-44.610;2.005;-86.050;0.326;-0.049;0.944;0.016;0.999;0.046;0.945;0.000;-0.326
2.804;-44.610;2.005;-86.050;0.330;-0.049;0.943;0.016;0.999;0.046;0.944;0.000;-0.331
2.907;-44.610;2.005;-86.050;0.338;-0.052;0.940;0.017;0.999;0.049;0.941;0.000;-0.338
3.013;-44.610;2.005;-86.050;0.338;-0.052;0.940;0.017;0.999;0.049;0.941;0.000;-0.338
3.113;-44.610;2.005;-86.050;0.338;-0.052;0.940;0.017;0.999;0.049;0.941;0.000;-0.338
3.223;-44.610;2.005;-86.050;0.322;-0.044;0.946;0.014;0.999;0.042;0.947;0.000;-0.323
3.330;-44.610;2.005;-86.050;0.286;-0.044;0.957;0.013;0.999;0.042;0.958;0.000;-0.286
3.432;-44.610;2.005;-86.050;0.284;-0.044;0.958;0.013;0.999;0.042;0.959;0.000;-0.285
3.532;-44.610;2.005;-86.050;0.284;-0.044;0.958;0.013;0.999;0.042;0.959;0.000;-0.285
3.638;-44.610;2.005;-86.050;0.283;-0.044;0.958;0.013;0.999;0.042;0.959;0.000;-0.283
3.739;-44.610;2.005;-86.050;0.278;-0.044;0.960;0.012;0.999;0.042;0.961;0.000;-0.278
3.846;-44.610;2.005;-86.050;0.278;-0.044;0.960;0.012;0.999;0.042;0.961;0.000;-0.278
3.948;-44.610;2.005;-86.050;0.274;-0.044;0.961;0.012;0.999;0.043;0.962;0.000;-0.274
4.051;-44.604;2.080;-86.027;0.274;-0.044;0.961;0.012;0.999;0.043;0.962;0.000;-0.274
4.156;-44.579;2.080;-85.940;0.271;-0.044;0.962;0.012;0.999;0.043;0.963;0.000;-0.271
4.258;-44.538;2.080;-85.794;0.271;-0.044;0.962;0.012;0.999;0.043;0.963;0.000;-0.271
4.362;-44.482;2.080;-85.597;0.271;-0.044;0.962;0.012;0.999;0.043;0.963;0.000;-0.271
4.468;-44.425;2.080;-85.392;0.266;-0.044;0.963;0.012;0.999;0.043;0.964;0.000;-0.267
4.574;-44.368;2.080;-85.187;0.266;-0.044;0.963;0.012;0.999;0.043;0.964;0.000;-0.267
4.677;-44.314;2.080;-84.990;0.265;-0.044;0.963;0.012;0.999;0.043;0.964;0.000;-0.265
4.777;-44.260;2.080;-84.796;0.265;-0.044;0.963;0.012;0.999;0.043;0.964;0.000;-0.265
4.879;-44.206;2.080;-84.600;0.265;-0.044;0.963;0.012;0.999;0.043;0.964;0.000;-0.265
4.980;-44.153;2.080;-84.405;0.265;-0.044;0.963;0.012;0.999;0.043;0.964;0.000;-0.265
5.081;-44.099;2.080;-84.210;0.265;-0.044;0.963;0.012;0.999;0.043;0.964;0.000;-0.265
5.183;-44.045;2.080;-84.014;0.265;-0.044;0.963;0.012;0.999;0.043;0.964;0.000;-0.265
5.287;-43.990;2.080;-83.812;0.265;-0.044;0.963;0.012;0.999;0.043;0.964;0.000;-0.265
5.387;-43.937;2.080;-83.620;0.265;-0.044;0.963;0.012;0.999;0.043;0.964;0.000;-0.265
5.488;-43.884;2.080;-83.426;0.265;-0.044;0.963;0.012;0.999;0.043;0.964;0.000;-0.265
5.593;-43.828;2.080;-83.222;0.265;-0.044;0.963;0.012;0.999;0.043;0.964;0.000;-0.265
5.695;-43.773;2.080;-83.025;0.265;-0.044;0.963;0.012;0.999;0.043;0.964;0.000;-0.265
5.796;-43.720;2.080;-82.832;0.265;-0.044;0.963;0.012;0.999;0.043;0.964;0.000;-0.265
5.901;-43.664;2.080;-82.631;0.287;-0.044;0.957;0.013;0.999;0.042;0.958;0.000;-0.287
6.005;-43.599;2.080;-82.442;0.382;-0.060;0.922;0.023;0.998;0.055;0.924;0.000;-0.383
6.110;-43.488;2.080;-82.252;0.569;-0.069;0.820;0.040;0.998;0.057;0.822;0.000;-0.570
6.215;-43.353;2.080;-82.093;0.706;-0.068;0.705;0.048;0.998;0.048;0.706;0.000;-0.708
6.315;-43.204;2.080;-81.959;0.773;-0.067;0.631;0.052;0.998;0.042;0.633;0.000;-0.774
6.428;-43.038;2.080;-81.831;0.799;-0.064;0.597;0.051;0.998;0.038;0.599;0.000;-0.801
6.529;-42.860;2.080;-81.703;0.814;-0.064;0.577;0.052;0.998;0.037;0.578;0.000;-0.816
6.633;-42.689;2.080;-81.585;0.833;-0.062;0.550;0.052;0.998;0.034;0.551;0.000;-0.834
6.737;-42.510;2.080;-81.482;0.904;-0.060;0.423;0.054;0.998;0.025;0.424;0.000;-0.906
6.839;-42.322;2.080;-81.406;0.942;-0.059;0.331;0.055;0.998;0.019;0.331;0.000;-0.944
6.943;-42.123;2.080;-81.341;0.955;-0.059;0.292;0.056;0.998;0.017;0.292;0.000;-0.956
7.043;-41.931;2.080;-81.283;0.956;-0.059;0.287;0.056;0.998;0.017;0.288;0.000;-0.958
7.144;-41.738;2.080;-81.225;0.957;-0.059;0.285;0.056;0.998;0.017;0.286;0.000;-0.958
7.249;-41.537;2.080;-81.165;0.957;-0.059;0.285;0.056;0.998;0.017;0.286;0.000;-0.958
7.353;-41.338;2.080;-81.106;0.957;-0.059;0.285;0.056;0.998;0.017;0.286;0.000;-0.958
7.453;-41.146;2.080;-81.049;0.957;-0.059;0.285;0.056;0.998;0.017;0.286;0.000;-0.958
7.553;-40.953;2.080;-80.991;0.957;-0.059;0.285;0.056;0.998;0.017;0.286;0.000;-0.958
7.657;-40.756;2.080;-80.932;0.957;-0.059;0.285;0.056;0.998;0.017;0.286;0.000;-0.958
7.758;-40.562;2.080;-80.875;0.957;-0.059;0.285;0.056;0.998;0.017;0.286;0.000;-0.958
7.861;-40.364;2.080;-80.816;0.957;-0.059;0.285;0.056;0.998;0.017;0.286;0.000;-0.958
7.963;-40.168;2.080;-80.757;0.957;-0.059;0.285;0.056;0.998;0.017;0.286;0.000;-0.958
8.065;-39.972;2.080;-80.699;0.957;-0.059;0.285;0.056;0.998;0.017;0.286;0.000;-0.958
8.171;-39.769;2.080;-80.640;0.966;-0.055;0.254;0.053;0.998;0.014;0.255;0.000;-0.967
8.272;-39.573;2.080;-80.589;0.967;-0.052;0.249;0.050;0.999;0.013;0.249;0.000;-0.968
8.375;-39.373;2.080;-80.538;0.969;-0.036;0.245;0.035;0.999;0.009;0.245;0.000;-0.970
8.477;-39.177;2.080;-80.488;0.967;-0.025;0.254;0.024;1.000;0.006;0.255;0.000;-0.967
8.580;-38.977;2.080;-80.434;0.966;-0.011;0.260;0.010;1.000;0.003;0.260;0.000;-0.966
8.682;-38.780;2.080;-80.381;0.966;0.004;0.260;-0.003;1.000;-0.001;0.260;0.000;-0.966
8.782;-38.587;2.080;-80.329;0.966;0.007;0.260;-0.006;1.000;-0.002;0.260;0.000;-0.966
8.884;-38.390;2.080;-80.276;0.966;0.007;0.260;-0.006;1.000;-0.002;0.260;0.000;-0.966
8.985;-38.195;2.080;-80.223;0.966;0.007;0.260;-0.006;1.000;-0.002;0.260;0.000;-0.966
9.087;-37.998;2.080;-80.170;0.966;0.007;0.260;-0.006;1.000;-0.002;0.260;0.000;-0.966
9.190;-37.799;2.080;-80.117;0.966;0.007;0.260;-0.006;1.000;-0.002;0.260;0.000;-0.966
9.290;-37.605;2.080;-80.064;0.966;0.007;0.260;-0.006;1.000;-0.002;0.260;0.000;-0.966
9.393;-37.408;2.080;-80.011;0.966;0.007;0.260;-0.006;1.000;-0.002;0.260;0.000;-0.966
9.496;-37.208;2.080;-79.957;0.966;0.007;0.260;-0.006;1.000;-0.002;0.260;0.000;-0.966
9.597;-37.014;2.080;-79.905;0.966;0.007;0.260;-0.006;1.000;-0.002;0.260;0.000;-0.966
9.699;-36.817;2.080;-79.852;0.966;0.007;0.260;-0.006;1.000;-0.002;0.260;0.000;-0.966
9.802;-36.618;2.080;-79.800;0.968;0.006;0.250;-0.006;1.000;-0.001;0.250;0.000;-0.968
9.905;-36.417;2.080;-79.748;0.969;0.005;0.246;-0.005;1.000;-0.001;0.246;0.000;-0.969
10.007;-36.219;2.080;-79.698;0.970;0.004;0.244;-0.004;1.000;-0.001;0.244;0.000;-0.970
10.110;-36.020;2.080;-79.647;0.967;-0.004;0.254;0.004;1.000;0.001;0.254;0.000;-0.967
10.212;-35.822;2.080;-79.594;0.964;-0.010;0.267;0.009;1.000;0.003;0.267;0.000;-0.964
10.314;-35.628;2.080;-79.536;0.956;-0.025;0.291;0.024;1.000;0.007;0.291;0.000;-0.957
10.417;-35.433;2.080;-79.474;0.942;-0.051;0.332;0.048;0.999;0.017;0.332;0.000;-0.943
10.519;-35.242;2.080;-79.401;0.922;-0.076;0.379;0.070;0.997;0.029;0.380;0.000;-0.925
10.627;-35.055;2.080;-79.319;0.904;-0.089;0.417;0.081;0.996;0.037;0.419;0.000;-0.908
10.731;-34.861;2.080;-79.217;0.857;-0.105;0.504;0.091;0.994;0.053;0.506;0.000;-0.862
10.833;-34.688;2.080;-79.106;0.817;-0.109;0.566;0.090;0.994;0.062;0.569;0.000;-0.822
10.939;-34.519;2.080;-78.981;0.784;-0.105;0.611;0.083;0.994;0.065;0.615;0.000;-0.789
11.044;-34.356;2.080;-78.845;0.750;-0.060;0.658;0.045;0.998;0.040;0.660;0.000;-0.752
11.150;-34.200;2.080;-78.703;0.728;0.017;0.686;-0.012;1.000;-0.011;0.686;0.000;-0.728
11.252;-34.051;2.080;-78.562;0.726;0.037;0.686;-0.027;0.999;-0.025;0.687;0.000;-0.727
11.356;-33.901;2.080;-78.420;0.726;0.043;0.686;-0.031;0.999;-0.030;0.687;0.000;-0.727
11.459;-33.752;2.080;-78.279;0.726;0.045;0.686;-0.032;0.999;-0.031;0.687;0.000;-0.727
11.560;-33.609;2.080;-78.136;0.640;0.042;0.767;-0.027;0.999;-0.032;0.768;0.000;-0.641
11.665;-33.497;2.080;-77.957;0.413;0.036;0.910;-0.015;0.999;-0.033;0.911;0.000;-0.413
11.768;-33.430;2.080;-77.768;0.268;0.062;0.961;-0.017;0.998;-0.060;0.963;0.000;-0.269
11.874;-33.393;2.080;-77.613;0.216;0.081;0.973;-0.018;0.997;-0.079;0.976;0.000;-0.217
11.974;-33.374;2.080;-77.528;0.213;0.089;0.973;-0.019;0.996;-0.087;0.977;0.000;-0.214
12.082;-33.369;2.080;-77.503;0.213;0.090;0.973;-0.019;0.996;-0.088;0.977;0.000;-0.214
12.185;-33.369;2.080;-77.503;0.213;0.090;0.973;-0.019;0.996;-0.088;0.977;0.000;-0.214
12.289;-33.369;2.080;-77.503;0.213;0.085;0.973;-0.018;0.996;-0.083;0.977;0.000;-0.214
12.396;-33.369;2.080;-77.503;0.223;0.057;0.973;-0.013;0.998;-0.056;0.975;0.000;-0.223
12.499;-33.369;2.080;-77.503;0.233;0.034;0.972;-0.008;0.999;-0.033;0.972;0.000;-0.234
12.599;-33.369;2.080;-77.503;0.280;-0.021;0.960;0.006;1.000;0.020;0.960;0.000;-0.280
12.701;-33.369;2.080;-77.503;0.369;-0.091;0.925;0.034;0.996;0.084;0.929;0.000;-0.371
12.803;-33.369;2.080;-77.503;0.420;-0.100;0.902;0.042;0.995;0.091;0.906;0.000;-0.422
12.906;-33.369;2.080;-77.503;0.423;-0.100;0.900;0.043;0.995;0.091;0.905;0.000;-0.425
13.012;-33.369;2.080;-77.503;0.407;-0.073;0.910;0.030;0.997;0.067;0.913;0.000;-0.408
13.115;-33.369;2.080;-77.503;0.399;-0.066;0.915;0.026;0.998;0.060;0.916;0.000;-0.400
13.220;-33.369;2.080;-77.503;0.399;-0.064;0.915;0.026;0.998;0.059;0.916;0.000;-0.400
13.327;-33.369;2.080;-77.503;0.448;-0.079;0.890;0.036;0.997;0.071;0.893;0.000;-0.450
13.428;-33.369;2.080;-77.503;0.684;-0.181;0.706;0.126;0.984;0.130;0.718;0.000;-0.696
13.530;-33.369;2.080;-77.503;0.869;-0.318;0.379;0.292;0.948;0.127;0.400;0.000;-0.917
13.632;-33.369;2.080;-77.503;0.935;-0.343;0.090;0.342;0.939;0.033;0.095;0.000;-0.995
13.732;-33.369;2.080;-77.503;0.947;-0.312;-0.080;0.311;0.950;-0.026;-0.084;0.000;-0.996
13.834;-33.369;2.080;-77.503;0.942;-0.245;-0.228;0.238;0.970;-0.058;-0.236;0.000;-0.972
13.935;-33.369;2.080;-77.503;0.948;-0.214;-0.235;0.207;0.977;-0.051;-0.241;0.000;-0.971
14.036;-33.369;2.080;-77.503;0.950;-0.202;-0.236;0.196;0.979;-0.049;-0.241;0.000;-0.971
14.137;-33.339;2.080;-77.510;0.950;-0.202;-0.236;0.196;0.979;-0.049;-0.241;0.000;-0.971
14.241;-33.244;2.080;-77.534;0.947;-0.206;-0.248;0.199;0.979;-0.052;-0.253;0.000;-0.967
14.342;-33.084;2.080;-77.577;0.945;-0.206;-0.255;0.199;0.979;-0.054;-0.260;0.000;-0.966
14.443;-32.889;2.080;-77.630;0.944;-0.206;-0.257;0.199;0.979;-0.054;-0.263;0.000;-0.965
14.544;-32.695;2.080;-77.682;0.944;-0.206;-0.257;0.199;0.979;-0.054;-0.263;0.000;-0.965
14.646;-32.498;2.080;-77.736;0.944;-0.205;-0.258;0.198;0.979;-0.054;-0.264;0.000;-0.965
14.750;-32.298;2.080;-77.791;0.944;-0.205;-0.258;0.198;0.979;-0.054;-0.264;0.000;-0.965
14.851;-32.103;2.080;-77.844;0.944;-0.205;-0.258;0.198;0.979;-0.054;-0.264;0.000;-0.965
14.953;-31.906;2.080;-77.898;0.944;-0.205;-0.258;0.198;0.979;-0.054;-0.264;0.000;-0.965
15.055;-31.709;2.080;-77.952;0.944;-0.204;-0.258;0.197;0.979;-0.054;-0.264;0.000;-0.965
15.157;-31.512;2.080;-78.006;0.945;-0.202;-0.258;0.195;0.979;-0.053;-0.264;0.000;-0.965
15.258;-31.317;2.080;-78.059;0.946;-0.200;-0.255;0.193;0.980;-0.052;-0.260;0.000;-0.966
15.360;-31.122;2.080;-78.111;0.949;-0.195;-0.249;0.189;0.981;-0.049;-0.254;0.000;-0.967
15.460;-30.927;2.080;-78.162;0.949;-0.194;-0.248;0.188;0.981;-0.049;-0.253;0.000;-0.967
15.560;-30.734;2.080;-78.212;0.949;-0.193;-0.248;0.187;0.981;-0.049;-0.252;0.000;-0.968
15.662;-30.536;2.080;-78.263;0.949;-0.193;-0.248;0.187;0.981;-0.049;-0.252;0.000;-0.968
15.762;-30.342;2.080;-78.314;0.950;-0.193;-0.247;0.187;0.981;-0.049;-0.252;0.000;-0.968
15.865;-30.142;2.080;-78.366;0.950;-0.193;-0.247;0.187;0.981;-0.049;-0.252;0.000;-0.968
15.968;-29.943;2.080;-78.417;0.950;-0.193;-0.246;0.187;0.981;-0.048;-0.250;0.000;-0.968
16.069;-29.749;2.080;-78.468;0.950;-0.192;-0.245;0.186;0.981;-0.048;-0.250;0.000;-0.968
16.171;-29.549;2.080;-78.519;0.951;-0.190;-0.244;0.184;0.982;-0.047;-0.248;0.000;-0.969
16.272;-29.352;2.080;-78.569;0.952;-0.188;-0.243;0.183;0.982;-0.047;-0.247;0.000;-0.969
16.379;-29.151;2.080;-78.620;0.957;-0.177;-0.229;0.172;0.984;-0.041;-0.233;0.000;-0.973
16.482;-28.947;2.080;-78.667;0.962;-0.167;-0.217;0.163;0.986;-0.037;-0.220;0.000;-0.975
16.583;-28.749;2.080;-78.709;0.967;-0.156;-0.202;0.152;0.988;-0.032;-0.205;0.000;-0.979
16.686;-28.548;2.080;-78.749;0.971;-0.147;-0.189;0.144;0.989;-0.028;-0.191;0.000;-0.982
16.788;-28.346;2.080;-78.787;0.976;-0.137;-0.170;0.135;0.991;-0.023;-0.171;0.000;-0.985
16.891;-28.143;2.080;-78.821;0.977;-0.135;-0.165;0.133;0.991;-0.023;-0.167;0.000;-0.986
16.994;-27.941;2.080;-78.854;0.979;-0.135;-0.151;0.134;0.991;-0.021;-0.153;0.000;-0.988
17.096;-27.739;2.080;-78.885;0.979;-0.135;-0.151;0.134;0.991;-0.021;-0.153;0.000;-0.988
17.205;-27.525;2.080;-78.918;0.979;-0.135;-0.151;0.134;0.991;-0.021;-0.153;0.000;-0.988
17.305;-27.325;2.080;-78.949;0.979;-0.135;-0.151;0.133;0.991;-0.020;-0.152;0.000;-0.988
17.405;-27.127;2.080;-78.979;0.980;-0.134;-0.150;0.132;0.991;-0.020;-0.151;0.000;-0.988
17.509;-26.923;2.080;-79.011;0.981;-0.129;-0.147;0.128;0.992;-0.019;-0.149;0.000;-0.989
17.610;-26.723;2.080;-79.040;0.981;-0.127;-0.146;0.125;0.992;-0.019;-0.147;0.000;-0.989
17.710;-26.524;2.080;-79.070;0.981;-0.126;-0.144;0.125;0.992;-0.018;-0.145;0.000;-0.989
17.812;-26.323;2.080;-79.099;0.981;-0.126;-0.144;0.125;0.992;-0.018;-0.145;0.000;-0.989
17.914;-26.120;2.080;-79.129;0.982;-0.125;-0.143;0.124;0.992;-0.018;-0.145;0.000;-0.990
18.017;-25.918;2.080;-79.157;0.988;-0.105;-0.117;0.104;0.995;-0.012;-0.118;0.000;-0.993
18.128;-25.717;2.080;-79.178;0.992;-0.087;-0.092;0.087;0.996;-0.008;-0.092;0.000;-0.996
18.230;-25.493;2.080;-79.196;0.995;-0.076;-0.072;0.076;0.997;-0.005;-0.072;0.000;-0.997
18.330;-25.292;2.080;-79.209;0.996;-0.068;-0.064;0.068;0.998;-0.004;-0.064;0.000;-0.998
18.431;-25.092;2.080;-79.221;0.997;-0.058;-0.046;0.058;0.998;-0.003;-0.047;0.000;-0.999
18.532;-24.890;2.080;-79.228;0.998;-0.049;-0.026;0.049;0.999;-0.001;-0.026;0.000;-1.000
18.634;-24.686;2.080;-79.226;0.999;-0.024;0.036;0.024;1.000;0.001;0.036;0.000;-0.999
18.734;-24.486;2.080;-79.216;0.998;-0.010;0.069;0.010;1.000;0.001;0.069;0.000;-0.998
18.837;-24.280;2.080;-79.199;0.996;-0.003;0.085;0.003;1.000;0.000;0.085;0.000;-0.996
18.938;-24.083;2.080;-79.182;0.996;-0.003;0.086;0.003;1.000;0.000;0.086;0.000;-0.996
19.040;-23.876;2.080;-79.164;0.996;-0.003;0.089;0.003;1.000;0.000;0.089;0.000;-0.996
19.140;-23.678;2.080;-79.144;0.994;-0.010;0.106;0.010;1.000;0.001;0.106;0.000;-0.994
19.242;-23.474;2.080;-79.122;0.994;-0.012;0.110;0.012;1.000;0.001;0.110;0.000;-0.994
19.345;-23.269;2.080;-79.099;0.994;-0.012;0.113;0.012;1.000;0.001;0.113;0.000;-0.994
19.447;-23.066;2.080;-79.074;0.992;-0.012;0.127;0.012;1.000;0.002;0.127;0.000;-0.992
19.549;-22.865;2.080;-79.046;0.989;-0.013;0.148;0.013;1.000;0.002;0.149;0.000;-0.989
19.651;-22.663;2.080;-79.014;0.986;-0.015;0.164;0.014;1.000;0.002;0.164;0.000;-0.987
19.754;-22.462;2.080;-78.974;0.971;-0.017;0.239;0.016;1.000;0.004;0.239;0.000;-0.971
19.854;-22.268;2.080;-78.922;0.962;-0.018;0.272;0.017;1.000;0.005;0.272;0.000;-0.962
19.956;-22.074;2.080;-78.863;0.948;-0.007;0.319;0.007;1.000;0.002;0.319;0.000;-0.948
20.058;-21.881;2.080;-78.796;0.943;-0.005;0.333;0.005;1.000;0.002;0.333;0.000;-0.943
20.159;-21.691;2.080;-78.728;0.940;-0.003;0.342;0.003;1.000;0.001;0.342;0.000;-0.940
20.260;-21.501;2.080;-78.656;0.932;0.006;0.363;-0.005;1.000;-0.002;0.363;0.000;-0.932
20.362;-21.311;2.080;-78.579;0.921;0.016;0.388;-0.015;1.000;-0.006;0.388;0.000;-0.921
20.465;-21.128;2.080;-78.492;0.889;0.028;0.457;-0.024;1.000;-0.013;0.457;0.000;-0.890
20.565;-20.952;2.080;-78.396;0.869;0.029;0.493;-0.025;1.000;-0.014;0.493;0.000;-0.870
20.667;-20.776;2.080;-78.292;0.844;0.029;0.535;-0.024;1.000;-0.015;0.535;0.000;-0.845
20.769;-20.609;2.080;-78.176;0.803;0.020;0.596;-0.016;1.000;-0.012;0.596;0.000;-0.803
20.871;-20.452;2.080;-78.045;0.731;0.000;0.683;0.000;1.000;0.000;0.683;0.000;-0.731
20.976;-20.313;2.080;-77.886;0.598;-0.018;0.802;0.011;1.000;0.014;0.802;0.000;-0.598
21.078;-20.198;2.080;-77.718;0.542;-0.018;0.840;0.010;1.000;0.015;0.840;0.000;-0.542
21.182;-20.089;2.080;-77.540;0.503;-0.021;0.864;0.011;1.000;0.018;0.864;0.000;-0.504
21.287;-19.983;2.080;-77.357;0.497;-0.023;0.867;0.011;1.000;0.020;0.867;0.000;-0.498
21.390;-19.882;2.080;-77.180;0.495;-0.024;0.869;0.012;1.000;0.021;0.869;0.000;-0.495
21.492;-19.783;2.080;-77.001;0.463;-0.030;0.886;0.014;1.000;0.027;0.886;0.000;-0.463
21.594;-19.693;2.080;-76.816;0.433;-0.036;0.901;0.016;0.999;0.033;0.901;0.000;-0.433
21.697;-19.606;2.080;-76.630;0.397;-0.042;0.917;0.017;0.999;0.038;0.918;0.000;-0.397
21.797;-19.531;2.080;-76.445;0.371;-0.046;0.927;0.017;0.999;0.043;0.928;0.000;-0.372
21.898;-19.455;2.080;-76.257;0.371;-0.046;0.927;0.017;0.999;0.043;0.928;0.000;-0.372
22.001;-19.380;2.080;-76.070;0.369;-0.046;0.928;0.017;0.999;0.043;0.929;0.000;-0.369
22.107;-19.301;2.080;-75.869;0.366;-0.047;0.929;0.017;0.999;0.044;0.930;0.000;-0.366
22.210;-19.226;2.080;-75.677;0.363;-0.047;0.930;0.017;0.999;0.044;0.932;0.000;-0.364
22.313;-19.152;2.080;-75.485;0.357;-0.051;0.933;0.018;0.999;0.048;0.934;0.000;-0.358
22.415;-19.081;2.080;-75.294;0.340;-0.060;0.938;0.021;0.998;0.057;0.940;0.000;-0.341
22.515;-19.014;2.080;-75.107;0.337;-0.062;0.939;0.021;0.998;0.059;0.941;0.000;-0.338
22.623;-18.942;2.080;-74.904;0.329;-0.064;0.942;0.021;0.998;0.061;0.944;0.000;-0.330
22.726;-18.875;2.080;-74.710;0.325;-0.066;0.943;0.021;0.998;0.062;0.946;0.000;-0.325
22.831;-18.807;2.080;-74.509;0.314;-0.069;0.947;0.022;0.998;0.065;0.949;0.000;-0.315
22.939;-18.741;2.080;-74.305;0.303;-0.073;0.950;0.022;0.997;0.070;0.953;0.000;-0.304
23.041;-18.681;2.080;-74.109;0.268;-0.080;0.960;0.021;0.997;0.077;0.963;0.000;-0.268
23.148;-18.633;2.080;-73.900;0.192;-0.084;0.978;0.016;0.996;0.083;0.981;0.000;-0.192
23.249;-18.596;2.080;-73.704;0.186;-0.086;0.979;0.016;0.996;0.084;0.982;0.000;-0.187
23.352;-18.557;2.080;-73.500;0.186;-0.086;0.979;0.016;0.996;0.084;0.982;0.000;-0.187
23.454;-18.519;2.080;-73.300;0.186;-0.086;0.979;0.016;0.996;0.084;0.982;0.000;-0.187
23.554;-18.481;2.080;-73.102;0.186;-0.086;0.979;0.016;0.996;0.084;0.982;0.000;-0.187
23.660;-18.442;2.080;-72.896;0.186;-0.086;0.979;0.016;0.996;0.084;0.982;0.000;-0.187
23.763;-18.403;2.080;-72.692;0.186;-0.086;0.979;0.016;0.996;0.084;0.982;0.000;-0.187
23.865;-18.365;2.080;-72.491;0.186;-0.086;0.979;0.016;0.996;0.084;0.982;0.000;-0.187
23.971;-18.326;2.080;-72.283;0.186;-0.086;0.979;0.016;0.996;0.084;0.982;0.000;-0.187
24.078;-18.286;2.080;-72.075;0.186;-0.086;0.979;0.016;0.996;0.084;0.982;0.000;-0.187
24.184;-18.246;2.080;-71.864;0.186;-0.086;0.979;0.016;0.996;0.084;0.982;0.000;-0.187
24.288;-18.208;2.080;-71.661;0.186;-0.086;0.979;0.016;0.996;0.084;0.982;0.000;-0.187
24.390;-18.169;2.080;-71.461;0.186;-0.086;0.979;0.016;0.996;0.084;0.982;0.000;-0.187
24.493;-18.131;2.080;-71.258;0.186;-0.086;0.979;0.016;0.996;0.084;0.982;0.000;-0.187
24.595;-18.093;2.080;-71.057;0.186;-0.086;0.979;0.016;0.996;0.084;0.982;0.000;-0.187
24.702;-18.054;2.080;-70.851;0.186;-0.086;0.979;0.016;0.996;0.084;0.982;0.000;-0.187
24.808;-18.014;2.080;-70.640;0.186;-0.086;0.979;0.016;0.996;0.084;0.982;0.000;-0.187
24.915;-17.973;2.080;-70.428;0.186;-0.086;0.979;0.016;0.996;0.084;0.982;0.000;-0.187
25.020;-17.934;2.080;-70.223;0.186;-0.086;0.979;0.016;0.996;0.084;0.982;0.000;-0.187
25.122;-17.896;2.080;-70.022;0.186;-0.086;0.979;0.016;0.996;0.084;0.982;0.000;-0.187
25.228;-17.857;2.080;-69.814;0.186;-0.086;0.979;0.016;0.996;0.084;0.982;0.000;-0.187
25.332;-17.818;2.080;-69.610;0.186;-0.086;0.979;0.016;0.996;0.084;0.982;0.000;-0.187
25.442;-17.777;2.080;-69.394;0.186;-0.086;0.979;0.016;0.996;0.084;0.982;0.000;-0.187
25.546;-17.738;2.080;-69.190;0.186;-0.086;0.979;0.016;0.996;0.084;0.982;0.000;-0.187
25.648;-17.700;2.080;-68.988;0.186;-0.086;0.979;0.016;0.996;0.084;0.982;0.000;-0.187
25.750;-17.662;2.080;-68.788;0.186;-0.086;0.979;0.016;0.996;0.084;0.982;0.000;-0.187
25.854;-17.623;2.080;-68.584;0.186;-0.086;0.979;0.016;0.996;0.084;0.982;0.000;-0.187
25.954;-17.586;2.080;-68.388;0.186;-0.086;0.979;0.016;0.996;0.084;0.982;0.000;-0.187
26.057;-17.547;2.080;-68.185;0.186;-0.086;0.979;0.016;0.996;0.084;0.982;0.000;-0.187
26.158;-17.510;2.080;-67.988;0.186;-0.086;0.979;0.016;0.996;0.084;0.982;0.000;-0.187
26.261;-17.471;2.080;-67.785;0.186;-0.086;0.979;0.016;0.996;0.084;0.982;0.000;-0.187
26.366;-17.432;2.080;-67.578;0.186;-0.086;0.979;0.016;0.996;0.084;0.982;0.000;-0.187
26.469;-17.393;2.080;-67.376;0.186;-0.086;0.979;0.016;0.996;0.084;0.982;0.000;-0.187
26.573;-17.354;2.080;-67.170;0.186;-0.086;0.979;0.016;0.996;0.084;0.982;0.000;-0.187
26.677;-17.317;2.080;-66.966;0.170;-0.084;0.982;0.014;0.996;0.083;0.985;0.000;-0.170
26.778;-17.288;2.080;-66.768;0.128;-0.081;0.988;0.010;0.997;0.081;0.992;0.000;-0.128
26.881;-17.264;2.080;-66.563;0.109;-0.081;0.991;0.009;0.997;0.081;0.994;0.000;-0.110
26.984;-17.245;2.080;-66.356;0.063;-0.081;0.995;0.005;0.997;0.081;0.998;0.000;-0.063
27.084;-17.241;2.080;-66.156;-0.014;-0.093;0.996;-0.001;0.996;0.093;1.000;0.000;0.014
27.188;-17.244;2.080;-65.948;-0.014;-0.154;0.988;-0.002;0.988;0.154;1.000;0.000;0.014
27.290;-17.246;2.080;-65.778;-0.010;-0.182;0.983;-0.002;0.983;0.182;1.000;0.000;0.010
27.395;-17.247;2.080;-65.668;-0.010;-0.182;0.983;-0.002;0.983;0.182;1.000;0.000;0.010
27.500;-17.248;2.080;-65.625;-0.010;-0.182;0.983;-0.002;0.983;0.182;1.000;0.000;0.010
27.605;-17.248;2.080;-65.625;-0.010;-0.182;0.983;-0.002;0.983;0.182;1.000;0.000;0.010
27.712;-17.248;2.080;-65.625;-0.010;-0.182;0.983;-0.002;0.983;0.182;1.000;0.000;0.010
27.820;-17.248;2.080;-65.625;-0.010;-0.182;0.983;-0.002;0.983;0.182;1.000;0.000;0.010
27.922;-17.248;2.080;-65.625;-0.014;-0.182;0.983;-0.003;0.983;0.182;1.000;0.000;0.014
28.022;-17.248;2.080;-65.625;-0.060;-0.185;0.981;-0.011;0.983;0.185;0.998;0.000;0.061
28.124;-17.248;2.080;-65.625;-0.214;-0.239;0.947;-0.053;0.971;0.233;0.975;0.000;0.221
28.230;-17.248;2.080;-65.625;-0.382;-0.306;0.872;-0.123;0.952;0.280;0.916;0.000;0.401
28.334;-17.248;2.080;-65.625;-0.603;-0.326;0.728;-0.208;0.945;0.251;0.770;0.000;0.638
28.440;-17.248;2.080;-65.625;-0.691;-0.322;0.648;-0.235;0.947;0.220;0.684;0.000;0.729
28.541;-17.248;2.080;-65.625;-0.748;-0.257;0.612;-0.199;0.966;0.163;0.633;0.000;0.774
28.642;-17.248;2.080;-65.625;-0.788;-0.184;0.587;-0.147;0.983;0.110;0.598;0.000;0.802
28.746;-17.248;2.080;-65.625;-0.809;-0.148;0.569;-0.121;0.989;0.085;0.575;0.000;0.818
28.846;-17.248;2.080;-65.625;-0.812;-0.145;0.565;-0.119;0.989;0.083;0.571;0.000;0.821
28.948;-17.248;2.080;-65.625;-0.812;-0.145;0.565;-0.119;0.989;0.083;0.571;0.000;0.821
29.052;-17.248;2.080;-65.625;-0.812;-0.145;0.565;-0.119;0.989;0.083;0.571;0.000;0.821
29.154;-17.248;2.080;-65.625;-0.803;-0.170;0.571;-0.139;0.985;0.099;0.579;0.000;0.815
29.259;-17.248;2.080;-65.625;-0.766;-0.220;0.604;-0.173;0.976;0.136;0.619;0.000;0.785
29.364;-17.248;2.080;-65.625;-0.755;-0.221;0.617;-0.171;0.975;0.140;0.633;0.000;0.775
29.465;-17.248;2.080;-65.625;-0.711;-0.211;0.671;-0.154;0.977;0.145;0.686;0.000;0.727
29.567;-17.248;2.080;-65.625;-0.656;-0.196;0.728;-0.131;0.981;0.146;0.743;0.000;0.669
29.667;-17.248;2.080;-65.625;-0.622;-0.186;0.761;-0.118;0.982;0.144;0.774;0.000;0.633
29.771;-17.248;2.080;-65.625;-0.613;-0.184;0.769;-0.114;0.983;0.144;0.782;0.000;0.623
29.872;-17.248;2.080;-65.625;-0.605;-0.181;0.776;-0.111;0.984;0.143;0.789;0.000;0.615
29.974;-17.248;2.080;-65.625;-0.630;-0.181;0.755;-0.116;0.984;0.139;0.768;0.000;0.641
30.077;-17.259;2.080;-65.612;-0.673;-0.184;0.717;-0.126;0.983;0.134;0.729;0.000;0.685
30.182;-17.317;2.080;-65.553;-0.692;-0.181;0.699;-0.128;0.983;0.129;0.711;0.000;0.703
30.289;-17.430;2.080;-65.447;-0.747;-0.169;0.643;-0.128;0.986;0.110;0.652;0.000;0.758
30.392;-17.592;2.080;-65.327;-0.825;-0.147;0.545;-0.123;0.989;0.081;0.551;0.000;0.834
30.494;-17.768;2.080;-65.226;-0.889;-0.140;0.436;-0.125;0.990;0.062;0.440;0.000;0.898
30.598;-17.957;2.080;-65.140;-0.908;-0.142;0.393;-0.130;0.990;0.056;0.397;0.000;0.918
30.702;-18.148;2.080;-65.059;-0.913;-0.142;0.382;-0.131;0.990;0.055;0.386;0.000;0.923
30.802;-18.333;2.080;-64.983;-0.919;-0.142;0.367;-0.132;0.990;0.053;0.371;0.000;0.929
30.905;-18.526;2.080;-64.909;-0.928;-0.142;0.345;-0.133;0.990;0.050;0.349;0.000;0.937
31.006;-18.717;2.080;-64.843;-0.947;-0.139;0.291;-0.133;0.990;0.041;0.294;0.000;0.956
31.108;-18.914;2.080;-64.792;-0.968;-0.136;0.210;-0.133;0.991;0.029;0.212;0.000;0.977
31.209;-19.113;2.080;-64.754;-0.974;-0.136;0.181;-0.134;0.991;0.025;0.182;0.000;0.983
31.309;-19.310;2.080;-64.719;-0.978;-0.133;0.162;-0.131;0.991;0.022;0.164;0.000;0.986
31.409;-19.508;2.080;-64.687;-0.979;-0.132;0.156;-0.130;0.991;0.021;0.157;0.000;0.988
31.511;-19.708;2.080;-64.656;-0.981;-0.126;0.147;-0.125;0.992;0.019;0.148;0.000;0.989
31.613;-19.911;2.080;-64.628;-0.985;-0.115;0.125;-0.114;0.993;0.014;0.126;0.000;0.992
31.714;-20.111;2.080;-64.603;-0.986;-0.114;0.121;-0.113;0.993;0.014;0.122;0.000;0.993
31.815;-20.312;2.080;-64.579;-0.988;-0.109;0.113;-0.108;0.994;0.012;0.114;0.000;0.993
31.918;-20.514;2.080;-64.556;-0.988;-0.109;0.112;-0.108;0.994;0.012;0.113;0.000;0.994
32.019;-20.714;2.080;-64.534;-0.988;-0.109;0.112;-0.108;0.994;0.012;0.113;0.000;0.994
32.122;-20.921;2.080;-64.510;-0.988;-0.109;0.112;-0.108;0.994;0.012;0.112;0.000;0.994
32.224;-21.124;2.080;-64.487;-0.988;-0.109;0.112;-0.108;0.994;0.012;0.112;0.000;0.994
32.327;-21.329;2.080;-64.464;-0.988;-0.109;0.112;-0.108;0.994;0.012;0.112;0.000;0.994
32.430;-21.533;2.080;-64.441;-0.988;-0.109;0.112;-0.108;0.994;0.012;0.112;0.000;0.994
32.534;-21.740;2.080;-64.418;-0.988;-0.107;0.107;-0.107;0.994;0.012;0.108;0.000;0.994
32.637;-21.944;2.080;-64.396;-0.989;-0.107;0.104;-0.106;0.994;0.011;0.104;0.000;0.995
32.737;-22.143;2.080;-64.375;-0.989;-0.105;0.102;-0.104;0.995;0.011;0.103;0.000;0.995
32.839;-22.347;2.080;-64.354;-0.990;-0.102;0.102;-0.101;0.995;0.010;0.102;0.000;0.995
32.939;-22.544;2.080;-64.334;-0.990;-0.101;0.101;-0.100;0.995;0.010;0.101;0.000;0.995
33.040;-22.743;2.080;-64.314;-0.990;-0.100;0.100;-0.099;0.995;0.010;0.101;0.000;0.995
33.143;-22.952;2.080;-64.293;-0.990;-0.100;0.100;-0.099;0.995;0.010;0.101;0.000;0.995
33.245;-23.156;2.080;-64.272;-0.990;-0.100;0.100;-0.099;0.995;0.010;0.101;0.000;0.995
33.346;-23.356;2.080;-64.252;-0.990;-0.100;0.100;-0.099;0.995;0.010;0.101;0.000;0.995
33.447;-23.556;2.080;-64.232;-0.990;-0.100;0.100;-0.099;0.995;0.010;0.101;0.000;0.995
33.547;-23.757;2.080;-64.211;-0.990;-0.100;0.100;-0.099;0.995;0.010;0.101;0.000;0.995
33.650;-23.961;2.080;-64.191;-0.990;-0.100;0.100;-0.099;0.995;0.010;0.101;0.000;0.995
33.754;-24.167;2.080;-64.170;-0.990;-0.100;0.100;-0.099;0.995;0.010;0.101;0.000;0.995
33.855;-24.370;2.080;-64.149;-0.990;-0.100;0.100;-0.099;0.995;0.010;0.101;0.000;0.995
33.957;-24.571;2.080;-64.129;-0.990;-0.100;0.100;-0.099;0.995;0.010;0.101;0.000;0.995
34.060;-24.777;2.080;-64.108;-0.990;-0.100;0.100;-0.099;0.995;0.010;0.101;0.000;0.995
34.161;-24.978;2.080;-64.088;-0.990;-0.100;0.100;-0.099;0.995;0.010;0.101;0.000;0.995
34.262;-25.178;2.080;-64.068;-0.990;-0.100;0.100;-0.099;0.995;0.010;0.101;0.000;0.995
34.363;-25.381;2.080;-64.047;-0.990;-0.100;0.100;-0.099;0.995;0.010;0.101;0.000;0.995
34.466;-25.584;2.080;-64.026;-0.990;-0.100;0.100;-0.099;0.995;0.010;0.101;0.000;0.995
34.569;-25.790;2.080;-64.006;-0.990;-0.100;0.101;-0.099;0.995;0.010;0.101;0.000;0.995
34.669;-25.989;2.080;-63.985;-0.990;-0.101;0.102;-0.100;0.995;0.010;0.103;0.000;0.995
34.772;-26.193;2.080;-63.963;-0.989;-0.103;0.109;-0.102;0.995;0.011;0.110;0.000;0.994
34.873;-26.395;2.080;-63.940;-0.986;-0.107;0.128;-0.106;0.994;0.014;0.129;0.000;0.992
34.975;-26.595;2.080;-63.908;-0.977;-0.110;0.180;-0.108;0.994;0.020;0.181;0.000;0.983
35.078;-26.796;2.080;-63.865;-0.967;-0.109;0.231;-0.106;0.994;0.025;0.233;0.000;0.973
35.180;-26.994;2.080;-63.815;-0.961;-0.108;0.256;-0.104;0.994;0.028;0.257;0.000;0.966
35.281;-27.188;2.080;-63.758;-0.949;-0.106;0.297;-0.101;0.994;0.032;0.298;0.000;0.954
35.384;-27.384;2.080;-63.693;-0.941;-0.105;0.321;-0.099;0.994;0.034;0.323;0.000;0.946
35.486;-27.577;2.080;-63.626;-0.938;-0.105;0.332;-0.099;0.994;0.035;0.334;0.000;0.943
35.588;-27.751;2.080;-63.564;-0.937;-0.105;0.332;-0.099;0.994;0.035;0.334;0.000;0.942
35.689;-27.959;2.080;-63.490;-0.937;-0.105;0.332;-0.099;0.994;0.035;0.334;0.000;0.942
35.790;-28.149;2.080;-63.422;-0.937;-0.105;0.333;-0.099;0.994;0.035;0.335;0.000;0.942
35.892;-28.339;2.080;-63.349;-0.910;-0.105;0.401;-0.096;0.994;0.042;0.403;0.000;0.915
35.992;-28.495;2.080;-63.229;-0.619;-0.075;0.782;-0.046;0.997;0.058;0.784;0.000;0.621
36.096;-28.604;2.080;-63.052;-0.476;-0.067;0.877;-0.032;0.998;0.059;0.879;0.000;0.477
36.203;-28.700;2.080;-62.869;-0.460;-0.067;0.885;-0.031;0.998;0.060;0.887;0.000;0.461
36.308;-28.800;2.080;-62.675;-0.460;-0.067;0.885;-0.031;0.998;0.060;0.887;0.000;0.461
36.414;-28.898;2.080;-62.489;-0.464;-0.063;0.884;-0.029;0.998;0.056;0.886;0.000;0.465
36.519;-28.996;2.080;-62.304;-0.472;-0.062;0.880;-0.029;0.998;0.054;0.881;0.000;0.473
36.621;-29.093;2.080;-62.124;-0.472;-0.062;0.880;-0.029;0.998;0.054;0.881;0.000;0.473
36.725;-29.192;2.080;-61.939;-0.474;-0.062;0.878;-0.029;0.998;0.054;0.880;0.000;0.475
36.830;-29.292;2.080;-61.756;-0.474;-0.062;0.878;-0.029;0.998;0.054;0.880;0.000;0.475
36.935;-29.391;2.080;-61.571;-0.474;-0.062;0.878;-0.029;0.998;0.054;0.880;0.000;0.475
37.036;-29.487;2.080;-61.393;-0.474;-0.062;0.878;-0.029;0.998;0.054;0.880;0.000;0.475
37.139;-29.585;2.080;-61.212;-0.474;-0.062;0.878;-0.029;0.998;0.054;0.880;0.000;0.475
37.241;-29.682;2.080;-61.032;-0.480;-0.062;0.875;-0.030;0.998;0.054;0.877;0.000;0.481
37.343;-29.784;2.080;-60.855;-0.504;-0.058;0.862;-0.029;0.998;0.050;0.863;0.000;0.505
37.444;-29.886;2.080;-60.688;-0.537;-0.054;0.842;-0.029;0.999;0.045;0.843;0.000;0.538
37.546;-30.005;2.080;-60.513;-0.587;-0.057;0.807;-0.033;0.998;0.046;0.809;0.000;0.588
37.655;-30.137;2.080;-60.341;-0.622;-0.064;0.780;-0.040;0.998;0.050;0.782;0.000;0.623
37.760;-30.269;2.080;-60.178;-0.632;-0.066;0.772;-0.042;0.998;0.051;0.774;0.000;0.633
37.865;-30.402;2.080;-60.016;-0.632;-0.066;0.772;-0.042;0.998;0.051;0.774;0.000;0.633
37.970;-30.535;2.080;-59.853;-0.633;-0.066;0.771;-0.042;0.998;0.051;0.773;0.000;0.634
38.071;-30.665;2.080;-59.697;-0.654;-0.067;0.754;-0.044;0.998;0.051;0.755;0.000;0.655
38.172;-30.802;2.080;-59.549;-0.689;-0.074;0.721;-0.051;0.997;0.054;0.723;0.000;0.691
38.276;-30.946;2.080;-59.400;-0.695;-0.075;0.716;-0.052;0.997;0.054;0.718;0.000;0.697
38.379;-31.090;2.080;-59.253;-0.707;-0.074;0.704;-0.053;0.997;0.053;0.706;0.000;0.709
38.480;-31.234;2.080;-59.113;-0.716;-0.074;0.694;-0.053;0.997;0.052;0.696;0.000;0.718
38.583;-31.383;2.080;-58.968;-0.716;-0.074;0.694;-0.053;0.997;0.052;0.696;0.000;0.718
38.685;-31.529;2.080;-58.827;-0.717;-0.074;0.694;-0.053;0.997;0.052;0.695;0.000;0.719
38.786;-31.675;2.080;-58.685;-0.715;-0.076;0.695;-0.055;0.997;0.053;0.697;0.000;0.717
38.888;-31.815;2.080;-58.539;-0.610;-0.088;0.787;-0.054;0.996;0.070;0.790;0.000;0.613
38.991;-31.920;2.080;-58.370;-0.451;-0.096;0.888;-0.043;0.995;0.085;0.892;0.000;0.453
39.096;-31.978;2.080;-58.233;-0.319;-0.105;0.942;-0.034;0.994;0.100;0.947;0.000;0.321
39.201;-31.999;2.080;-58.156;-0.241;-0.107;0.965;-0.026;0.994;0.103;0.970;0.000;0.243
39.302;-32.003;2.080;-58.139;-0.237;-0.108;0.966;-0.026;0.994;0.105;0.971;0.000;0.238
39.404;-32.003;2.080;-58.139;-0.248;-0.104;0.963;-0.026;0.995;0.101;0.968;0.000;0.250
39.508;-32.003;2.080;-58.139;-0.423;-0.116;0.899;-0.049;0.993;0.105;0.905;0.000;0.426
39.612;-32.003;2.080;-58.139;-0.453;-0.117;0.884;-0.053;0.993;0.104;0.890;0.000;0.456
39.713;-32.030;2.080;-58.094;-0.524;-0.117;0.844;-0.062;0.993;0.099;0.850;0.000;0.527
39.818;-32.092;2.080;-57.995;-0.524;-0.117;0.844;-0.062;0.993;0.099;0.850;0.000;0.527
39.921;-32.187;2.080;-57.842;-0.524;-0.117;0.844;-0.062;0.993;0.099;0.850;0.000;0.527
40.022;-32.290;2.080;-57.675;-0.521;-0.119;0.846;-0.062;0.993;0.101;0.852;0.000;0.524
40.125;-32.399;2.080;-57.489;-0.461;-0.120;0.879;-0.056;0.993;0.106;0.886;0.000;0.465
40.230;-32.469;2.080;-57.292;-0.187;-0.121;0.975;-0.023;0.993;0.119;0.982;0.000;0.188
40.331;-32.482;2.080;-57.094;0.031;-0.129;0.991;0.004;0.992;0.129;0.999;0.000;-0.032
40.433;-32.457;2.080;-56.946;0.274;-0.136;0.952;0.038;0.991;0.131;0.961;0.000;-0.277
40.533;-32.429;2.080;-56.863;0.339;-0.136;0.931;0.046;0.991;0.128;0.940;0.000;-0.342
40.637;-32.420;2.080;-56.841;0.340;-0.136;0.931;0.047;0.991;0.128;0.939;0.000;-0.343
40.742;-32.420;2.080;-56.841;0.348;-0.081;0.934;0.028;0.997;0.076;0.937;0.000;-0.349
40.844;-32.420;2.080;-56.841;0.338;-0.067;0.939;0.023;0.998;0.063;0.941;0.000;-0.339
40.951;-32.420;2.080;-56.841;0.312;-0.092;0.946;0.029;0.996;0.087;0.950;0.000;-0.313
41.054;-32.420;2.080;-56.841;0.151;-0.224;0.963;0.035;0.975;0.221;0.988;0.000;-0.155
41.162;-32.420;2.080;-56.841;-0.124;-0.320;0.939;-0.042;0.947;0.318;0.991;0.000;0.131
41.265;-32.420;2.080;-56.841;-0.288;-0.356;0.889;-0.110;0.935;0.338;0.951;0.000;0.309
41.368;-32.420;2.080;-56.841;-0.475;-0.387;0.790;-0.199;0.922;0.331;0.857;0.000;0.515
41.470;-32.420;2.080;-56.841;-0.632;-0.397;0.666;-0.273;0.918;0.288;0.725;0.000;0.688
41.575;-32.420;2.080;-56.841;-0.684;-0.406;0.606;-0.303;0.914;0.269;0.663;0.000;0.748
41.675;-32.420;2.080;-56.841;-0.708;-0.403;0.580;-0.311;0.915;0.255;0.634;0.000;0.773
41.775;-32.420;2.080;-56.841;-0.739;-0.395;0.546;-0.318;0.919;0.235;0.594;0.000;0.804
41.876;-32.420;2.080;-56.841;-0.775;-0.392;0.496;-0.330;0.920;0.211;0.539;0.000;0.843
41.980;-32.420;2.080;-56.841;-0.777;-0.392;0.493;-0.331;0.920;0.210;0.536;0.000;0.844
42.083;-32.420;2.080;-56.841;-0.783;-0.385;0.489;-0.327;0.923;0.204;0.530;0.000;0.848
42.186;-32.420;2.080;-56.841;-0.812;-0.355;0.463;-0.309;0.935;0.176;0.496;0.000;0.869
42.287;-32.461;2.080;-56.819;-0.843;-0.330;0.425;-0.295;0.944;0.149;0.450;0.000;0.893
42.389;-32.562;2.080;-56.770;-0.853;-0.325;0.409;-0.293;0.946;0.140;0.432;0.000;0.902
42.492;-32.720;2.080;-56.696;-0.859;-0.319;0.401;-0.289;0.948;0.135;0.423;0.000;0.906
42.592;-32.903;2.080;-56.611;-0.863;-0.311;0.398;-0.282;0.950;0.130;0.418;0.000;0.908
42.694;-33.088;2.080;-56.526;-0.867;-0.300;0.397;-0.273;0.954;0.125;0.417;0.000;0.909
42.797;-33.275;2.080;-56.440;-0.868;-0.297;0.398;-0.270;0.955;0.124;0.417;0.000;0.909
42.900;-33.463;2.080;-56.354;-0.868;-0.297;0.398;-0.270;0.955;0.124;0.417;0.000;0.909
43.001;-33.646;2.080;-56.271;-0.868;-0.297;0.398;-0.270;0.955;0.124;0.417;0.000;0.909
43.101;-33.829;2.080;-56.187;-0.868;-0.297;0.398;-0.270;0.955;0.124;0.417;0.000;0.909
43.202;-34.011;2.080;-56.103;-0.868;-0.297;0.398;-0.270;0.955;0.124;0.417;0.000;0.909
43.305;-34.199;2.080;-56.017;-0.868;-0.297;0.398;-0.270;0.955;0.124;0.417;0.000;0.909
43.405;-34.381;2.080;-55.933;-0.868;-0.297;0.398;-0.270;0.955;0.124;0.417;0.000;0.909
43.508;-34.569;2.080;-55.847;-0.868;-0.297;0.398;-0.270;0.955;0.124;0.417;0.000;0.909
43.611;-34.756;2.080;-55.762;-0.868;-0.297;0.398;-0.270;0.955;0.124;0.417;0.000;0.909
43.713;-34.941;2.080;-55.677;-0.868;-0.297;0.398;-0.270;0.955;0.124;0.417;0.000;0.909
43.816;-35.128;2.080;-55.591;-0.868;-0.297;0.398;-0.270;0.955;0.124;0.417;0.000;0.909
43.917;-35.310;2.080;-55.508;-0.868;-0.297;0.398;-0.270;0.955;0.124;0.417;0.000;0.909
44.019;-35.496;2.080;-55.423;-0.868;-0.297;0.398;-0.270;0.955;0.124;0.417;0.000;0.909
44.122;-35.684;2.080;-55.336;-0.868;-0.297;0.398;-0.270;0.955;0.124;0.417;0.000;0.909
44.222;-35.867;2.080;-55.252;-0.868;-0.297;0.398;-0.270;0.955;0.124;0.417;0.000;0.909
44.325;-36.053;2.080;-55.167;-0.868;-0.297;0.398;-0.270;0.955;0.124;0.417;0.000;0.909
44.425;-36.234;2.080;-55.081;-0.850;-0.298;0.435;-0.265;0.955;0.136;0.456;0.000;0.890
44.526;-36.413;2.080;-54.987;-0.842;-0.294;0.452;-0.259;0.956;0.139;0.473;0.000;0.881
44.626;-36.588;2.080;-54.889;-0.824;-0.290;0.487;-0.250;0.957;0.148;0.509;0.000;0.861
44.730;-36.765;2.080;-54.782;-0.816;-0.285;0.502;-0.243;0.958;0.150;0.524;0.000;0.852
44.833;-36.941;2.080;-54.673;-0.816;-0.285;0.502;-0.243;0.958;0.150;0.524;0.000;0.852
44.939;-37.117;2.080;-54.566;-0.826;-0.273;0.492;-0.235;0.962;0.140;0.512;0.000;0.859
45.040;-37.294;2.080;-54.461;-0.828;-0.272;0.491;-0.234;0.962;0.139;0.510;0.000;0.860
45.143;-37.472;2.080;-54.355;-0.828;-0.272;0.491;-0.234;0.962;0.139;0.510;0.000;0.860
45.244;-37.647;2.080;-54.252;-0.828;-0.272;0.491;-0.234;0.962;0.138;0.510;0.000;0.860
45.345;-37.820;2.080;-54.149;-0.828;-0.272;0.491;-0.234;0.962;0.138;0.510;0.000;0.860
45.445;-37.995;2.080;-54.052;-0.848;-0.302;0.436;-0.269;0.953;0.138;0.457;0.000;0.889
45.546;-38.174;2.080;-53.960;-0.848;-0.302;0.435;-0.269;0.953;0.138;0.457;0.000;0.890
45.648;-38.356;2.080;-53.866;-0.844;-0.296;0.448;-0.261;0.955;0.139;0.469;0.000;0.883
45.750;-38.534;2.080;-53.768;-0.834;-0.280;0.476;-0.243;0.960;0.139;0.496;0.000;0.868
45.850;-38.689;2.080;-53.677;-0.822;-0.272;0.500;-0.232;0.962;0.141;0.520;0.000;0.854
45.950;-38.874;2.080;-53.556;-0.800;-0.266;0.538;-0.220;0.964;0.148;0.558;0.000;0.830
46.053;-39.049;2.080;-53.472;-0.781;-0.258;0.569;-0.208;0.966;0.152;0.589;0.000;0.808
46.153;-39.278;2.080;-53.525;-0.743;-0.244;0.624;-0.187;0.970;0.157;0.643;0.000;0.766
46.257;-39.431;2.080;-53.387;-0.703;-0.234;0.671;-0.169;0.972;0.162;0.691;0.000;0.723
46.360;-39.575;2.080;-53.237;-0.651;-0.222;0.726;-0.148;0.975;0.165;0.744;0.000;0.668
46.463;-39.709;2.080;-53.081;-0.613;-0.212;0.761;-0.133;0.977;0.165;0.779;0.000;0.628
46.564;-39.831;2.080;-52.921;-0.583;-0.207;0.786;-0.123;0.978;0.166;0.803;0.000;0.596
46.667;-39.954;2.080;-52.754;-0.578;-0.187;0.794;-0.110;0.982;0.151;0.809;0.000;0.588
46.768;-40.073;2.080;-52.592;-0.594;-0.146;0.791;-0.088;0.989;0.117;0.800;0.000;0.600
46.871;-40.199;2.080;-52.429;-0.615;-0.127;0.778;-0.078;0.992;0.099;0.784;0.000;0.620
46.973;-40.328;2.080;-52.270;-0.634;-0.109;0.766;-0.070;0.994;0.084;0.770;0.000;0.638
47.075;-40.458;2.080;-52.113;-0.635;-0.108;0.765;-0.069;0.994;0.083;0.769;0.000;0.639
47.175;-40.587;2.080;-51.959;-0.636;-0.107;0.764;-0.069;0.994;0.082;0.768;0.000;0.640
47.279;-40.719;2.080;-51.800;-0.640;-0.106;0.761;-0.068;0.994;0.081;0.765;0.000;0.644
47.382;-40.854;2.080;-51.645;-0.669;-0.098;0.737;-0.066;0.995;0.073;0.740;0.000;0.672
47.482;-40.994;2.080;-51.501;-0.718;-0.096;0.690;-0.069;0.995;0.067;0.693;0.000;0.721
47.583;-41.145;2.080;-51.367;-0.783;-0.099;0.614;-0.078;0.995;0.061;0.617;0.000;0.787
47.697;-41.327;2.080;-51.231;-0.822;-0.100;0.560;-0.082;0.995;0.056;0.563;0.000;0.826
47.800;-41.501;2.080;-51.121;-0.857;-0.099;0.507;-0.085;0.995;0.050;0.509;0.000;0.861
47.901;-41.678;2.080;-51.025;-0.884;-0.099;0.457;-0.088;0.995;0.045;0.460;0.000;0.888
48.009;-41.873;2.080;-50.928;-0.900;-0.096;0.426;-0.087;0.995;0.041;0.428;0.000;0.904
48.109;-42.056;2.080;-50.845;-0.917;-0.092;0.387;-0.084;0.996;0.036;0.389;0.000;0.921
48.210;-42.244;2.080;-50.773;-0.942;-0.090;0.324;-0.085;0.996;0.029;0.325;0.000;0.946
48.312;-42.438;2.080;-50.714;-0.961;-0.090;0.261;-0.087;0.996;0.024;0.262;0.000;0.965
48.413;-42.628;2.080;-50.671;-0.978;-0.091;0.186;-0.089;0.996;0.017;0.186;0.000;0.982
48.515;-42.768;2.080;-50.650;-0.991;-0.095;0.099;-0.094;0.995;0.009;0.099;0.000;0.995
48.618;-42.847;2.080;-50.645;-0.994;-0.109;0.015;-0.109;0.994;0.002;0.015;0.000;1.000
48.720;-42.856;2.080;-50.645;-0.993;-0.119;0.022;-0.119;0.993;0.003;0.022;0.000;1.000
48.823;-42.856;2.080;-50.645;-0.975;-0.151;0.164;-0.149;0.989;0.025;0.165;0.000;0.986
48.925;-42.856;2.080;-50.645;-0.776;-0.163;0.609;-0.128;0.987;0.101;0.617;0.000;0.787
49.026;-42.856;2.080;-50.645;-0.525;-0.158;0.836;-0.084;0.987;0.134;0.847;0.000;0.532
49.128;-42.856;2.080;-50.645;-0.322;-0.158;0.933;-0.052;0.987;0.149;0.945;0.000;0.326
49.234;-42.856;2.080;-50.645;-0.149;-0.156;0.976;-0.024;0.988;0.154;0.989;0.000;0.151
49.339;-42.856;2.080;-50.645;0.031;-0.146;0.989;0.005;0.989;0.146;1.000;0.000;-0.031
49.441;-42.856;2.080;-50.645;0.177;-0.138;0.975;0.025;0.990;0.136;0.984;0.000;-0.178
49.547;-42.856;2.080;-50.645;0.178;-0.138;0.974;0.025;0.990;0.136;0.984;0.000;-0.179
49.649;-42.856;2.080;-50.645;0.174;-0.136;0.975;0.024;0.991;0.134;0.984;0.000;-0.176
