1.924;-11.650;2.005;-47.040;-0.905;0.232;-0.357;0.215;0.973;0.085;-0.366;0.000;0.930
2.030;-11.650;2.005;-47.040;-0.904;0.216;-0.369;0.200;0.976;0.082;-0.378;0.000;0.926
2.130;-11.650;2.005;-47.040;-0.904;0.215;-0.369;0.199;0.977;0.081;-0.378;0.000;0.926
2.234;-11.650;2.005;-47.040;-0.904;0.215;-0.369;0.199;0.977;0.081;-0.378;0.000;0.926
2.338;-11.650;2.005;-47.040;-0.901;0.215;-0.377;0.198;0.977;0.083;-0.386;0.000;0.922
2.441;-11.650;2.005;-47.040;-0.850;0.220;-0.479;0.192;0.976;0.108;-0.491;0.000;0.871
2.543;-11.650;2.005;-47.040;-0.811;0.220;-0.542;0.183;0.976;0.122;-0.555;0.000;0.832
2.644;-11.650;2.005;-47.040;-0.797;0.192;-0.573;0.156;0.981;0.112;-0.584;0.000;0.812
2.747;-11.650;2.005;-47.040;-0.669;0.112;-0.735;0.076;0.994;0.083;-0.740;0.000;0.673
2.848;-11.650;2.005;-47.040;-0.555;0.066;-0.829;0.037;0.998;0.055;-0.831;0.000;0.556
2.949;-11.650;2.005;-47.040;-0.538;-0.009;-0.843;-0.005;1.000;-0.007;-0.843;0.000;0.538
3.052;-11.650;2.005;-47.040;-0.607;-0.111;-0.787;-0.068;0.994;-0.088;-0.792;0.000;0.611
3.154;-11.650;2.005;-47.040;-0.868;-0.282;-0.409;-0.255;0.960;-0.120;-0.426;0.000;0.905
3.258;-11.650;2.005;-47.040;-0.713;-0.440;0.546;-0.349;0.898;0.267;0.607;0.000;0.794
3.359;-11.650;2.005;-47.040;-0.666;-0.434;0.607;-0.321;0.901;0.292;0.673;0.000;0.739
3.462;-11.650;2.005;-47.040;-0.689;-0.392;0.610;-0.293;0.920;0.260;0.663;0.000;0.749
3.565;-11.650;2.005;-47.040;-0.870;-0.282;0.404;-0.255;0.960;0.119;0.421;0.000;0.907
3.669;-11.650;2.005;-47.040;-0.907;-0.261;0.331;-0.245;0.965;0.089;0.343;0.000;0.939
3.772;-11.650;2.005;-47.040;-0.943;-0.229;0.240;-0.222;0.973;0.057;0.247;0.000;0.969
3.872;-11.650;2.005;-47.040;-0.986;-0.165;0.022;-0.165;0.986;0.004;0.023;0.000;1.000
3.977;-11.650;2.005;-47.040;-0.979;-0.138;-0.151;-0.136;0.990;-0.021;-0.152;0.000;0.988
4.080;-11.650;2.005;-47.040;-0.976;-0.131;-0.175;-0.129;0.991;-0.023;-0.176;0.000;0.984
4.185;-11.650;2.005;-47.040;-0.976;-0.130;-0.176;-0.128;0.991;-0.023;-0.177;0.000;0.984
4.288;-11.650;2.005;-47.040;-0.979;-0.120;-0.163;-0.118;0.993;-0.020;-0.164;0.000;0.986
4.391;-11.668;2.080;-47.043;-0.982;-0.116;-0.151;-0.115;0.993;-0.018;-0.152;0.000;0.988
4.495;-11.778;2.080;-47.060;-0.982;-0.116;-0.151;-0.115;0.993;-0.018;-0.152;0.000;0.988
4.600;-11.985;2.080;-47.091;-0.982;-0.116;-0.151;-0.115;0.993;-0.018;-0.152;0.000;0.988
4.705;-12.281;2.080;-47.137;-0.982;-0.116;-0.151;-0.115;0.993;-0.018;-0.152;0.000;0.988
4.810;-12.593;2.080;-47.185;-0.982;-0.116;-0.151;-0.115;0.993;-0.018;-0.152;0.000;0.988
4.912;-12.895;2.080;-47.231;-0.982;-0.116;-0.151;-0.115;0.993;-0.018;-0.152;0.000;0.988
5.014;-13.201;2.080;-47.278;-0.982;-0.116;-0.151;-0.115;0.993;-0.018;-0.152;0.000;0.988
5.116;-13.504;2.080;-47.325;-0.982;-0.116;-0.151;-0.115;0.993;-0.018;-0.152;0.000;0.988
5.218;-13.805;2.080;-47.369;-0.986;-0.121;-0.114;-0.120;0.993;-0.014;-0.115;0.000;0.993
5.321;-14.116;2.080;-47.398;-0.989;-0.124;-0.086;-0.124;0.992;-0.011;-0.087;0.000;0.996
5.424;-14.421;2.080;-47.423;-0.990;-0.127;-0.068;-0.127;0.992;-0.009;-0.068;0.000;0.998
5.529;-14.735;2.080;-47.435;-0.991;-0.136;0.008;-0.136;0.991;0.001;0.008;0.000;1.000
5.632;-15.045;2.080;-47.417;-0.985;-0.140;0.098;-0.139;0.990;0.014;0.099;0.000;0.995
5.735;-15.345;2.080;-47.367;-0.969;-0.141;0.203;-0.138;0.990;0.029;0.205;0.000;0.979
5.838;-15.567;2.080;-47.303;-0.933;-0.142;0.332;-0.134;0.990;0.048;0.335;0.000;0.942
5.940;-15.692;2.080;-47.254;-0.907;-0.141;0.398;-0.129;0.990;0.057;0.402;0.000;0.916
6.044;-15.726;2.080;-47.237;-0.841;-0.138;0.524;-0.117;0.990;0.073;0.529;0.000;0.849
6.149;-15.726;2.080;-47.237;-0.760;-0.135;0.636;-0.103;0.991;0.086;0.642;0.000;0.767
6.254;-15.726;2.080;-47.237;-0.415;-0.137;0.899;-0.057;0.991;0.124;0.908;0.000;0.419
6.358;-15.726;2.080;-47.237;-0.258;-0.144;0.955;-0.037;0.990;0.139;0.965;0.000;0.261
6.464;-15.726;2.080;-47.237;-0.226;-0.147;0.963;-0.034;0.989;0.143;0.974;0.000;0.228
6.565;-15.726;2.080;-47.237;-0.226;-0.147;0.963;-0.034;0.989;0.143;0.974;0.000;0.228
6.670;-15.726;2.080;-47.237;-0.226;-0.147;0.963;-0.034;0.989;0.143;0.974;0.000;0.228
6.773;-15.726;2.080;-47.237;-0.226;-0.147;0.963;-0.034;0.989;0.143;0.974;0.000;0.228
6.878;-15.726;2.080;-47.237;-0.226;-0.147;0.963;-0.034;0.989;0.143;0.974;0.000;0.228
6.982;-15.726;2.080;-47.237;-0.242;-0.146;0.959;-0.036;0.989;0.141;0.970;0.000;0.245
7.085;-15.726;2.080;-47.237;-0.426;-0.135;0.895;-0.058;0.991;0.122;0.903;0.000;0.430
7.188;-15.726;2.080;-47.237;-0.494;-0.135;0.859;-0.067;0.991;0.117;0.867;0.000;0.499
7.292;-15.726;2.080;-47.237;-0.502;-0.136;0.854;-0.069;0.991;0.118;0.862;0.000;0.507
7.393;-15.726;2.080;-47.237;-0.515;-0.136;0.847;-0.071;0.991;0.117;0.855;0.000;0.519
7.497;-15.726;2.080;-47.237;-0.550;-0.140;0.823;-0.078;0.990;0.116;0.831;0.000;0.556
7.599;-15.726;2.080;-47.237;-0.594;-0.145;0.791;-0.087;0.989;0.116;0.800;0.000;0.600
7.704;-15.726;2.080;-47.237;-0.672;-0.156;0.724;-0.106;0.988;0.115;0.733;0.000;0.680
7.807;-15.726;2.080;-47.237;-0.675;-0.156;0.721;-0.107;0.988;0.114;0.730;0.000;0.684
7.912;-15.726;2.080;-47.237;-0.675;-0.156;0.721;-0.107;0.988;0.114;0.730;0.000;0.684
8.017;-15.726;2.080;-47.237;-0.675;-0.156;0.721;-0.107;0.988;0.114;0.730;0.000;0.684
8.117;-15.726;2.080;-47.237;-0.675;-0.156;0.721;-0.107;0.988;0.114;0.730;0.000;0.684
8.220;-15.726;2.080;-47.237;-0.675;-0.156;0.721;-0.107;0.988;0.114;0.730;0.000;0.684
8.324;-15.726;2.080;-47.237;-0.675;-0.156;0.721;-0.107;0.988;0.114;0.730;0.000;0.684
8.424;-15.726;2.080;-47.237;-0.675;-0.156;0.721;-0.107;0.988;0.114;0.730;0.000;0.684
8.530;-15.726;2.080;-47.237;-0.675;-0.156;0.721;-0.107;0.988;0.114;0.730;0.000;0.684
8.635;-15.726;2.080;-47.237;-0.682;-0.157;0.714;-0.109;0.988;0.114;0.723;0.000;0.690
8.737;-15.726;2.080;-47.237;-0.699;-0.162;0.697;-0.114;0.987;0.114;0.706;0.000;0.708
8.837;-15.726;2.080;-47.237;-0.749;-0.162;0.643;-0.123;0.987;0.105;0.652;0.000;0.759
8.941;-15.726;2.080;-47.237;-0.783;-0.164;0.600;-0.130;0.986;0.100;0.609;0.000;0.794
9.043;-15.726;2.080;-47.237;-0.788;-0.166;0.593;-0.133;0.986;0.100;0.602;0.000;0.799
9.147;-15.726;2.080;-47.237;-0.788;-0.166;0.593;-0.133;0.986;0.100;0.602;0.000;0.799
9.249;-15.726;2.080;-47.237;-0.788;-0.166;0.593;-0.133;0.986;0.100;0.602;0.000;0.799
9.353;-15.726;2.080;-47.237;-0.788;-0.166;0.593;-0.133;0.986;0.100;0.602;0.000;0.799
9.455;-15.777;2.080;-47.199;-0.781;-0.167;0.601;-0.133;0.986;0.102;0.610;0.000;0.792
9.561;-15.902;2.080;-47.093;-0.728;-0.168;0.665;-0.124;0.986;0.113;0.675;0.000;0.738
9.663;-16.082;2.080;-46.912;-0.691;-0.164;0.704;-0.115;0.987;0.117;0.714;0.000;0.700
9.768;-16.300;2.080;-46.689;-0.690;-0.164;0.705;-0.114;0.987;0.117;0.715;0.000;0.699
9.870;-16.515;2.080;-46.469;-0.690;-0.164;0.705;-0.114;0.987;0.117;0.715;0.000;0.699
9.972;-16.730;2.080;-46.250;-0.690;-0.164;0.705;-0.114;0.987;0.117;0.715;0.000;0.699
10.074;-16.944;2.080;-46.031;-0.690;-0.164;0.705;-0.114;0.987;0.117;0.715;0.000;0.699
10.178;-17.161;2.080;-45.809;-0.690;-0.164;0.705;-0.114;0.987;0.117;0.715;0.000;0.699
10.281;-17.377;2.080;-45.588;-0.690;-0.164;0.705;-0.114;0.987;0.117;0.715;0.000;0.699
10.381;-17.588;2.080;-45.373;-0.694;-0.162;0.702;-0.114;0.987;0.115;0.711;0.000;0.703
10.487;-17.812;2.080;-45.148;-0.696;-0.162;0.699;-0.115;0.987;0.115;0.709;0.000;0.706
10.588;-18.025;2.080;-44.934;-0.697;-0.161;0.698;-0.114;0.987;0.114;0.708;0.000;0.707
10.688;-18.238;2.080;-44.721;-0.697;-0.161;0.698;-0.114;0.987;0.114;0.708;0.000;0.707
10.790;-18.453;2.080;-44.505;-0.697;-0.161;0.698;-0.114;0.987;0.114;0.708;0.000;0.707
10.890;-18.667;2.080;-44.291;-0.698;-0.160;0.698;-0.113;0.987;0.113;0.707;0.000;0.707
10.991;-18.880;2.080;-44.079;-0.703;-0.157;0.693;-0.112;0.988;0.111;0.702;0.000;0.712
11.093;-19.102;2.080;-43.869;-0.742;-0.138;0.657;-0.103;0.990;0.091;0.663;0.000;0.749
11.195;-19.335;2.080;-43.668;-0.751;-0.133;0.647;-0.101;0.991;0.087;0.653;0.000;0.758
11.300;-19.550;2.080;-43.482;-0.751;-0.133;0.647;-0.101;0.991;0.087;0.653;0.000;0.758
11.404;-19.810;2.080;-43.259;-0.752;-0.132;0.645;-0.100;0.991;0.086;0.651;0.000;0.759
11.508;-20.047;2.080;-43.059;-0.762;-0.125;0.635;-0.096;0.992;0.080;0.640;0.000;0.768
11.617;-20.277;2.080;-42.870;-0.777;-0.104;0.620;-0.081;0.995;0.065;0.624;0.000;0.782
11.720;-20.547;2.080;-42.661;-0.793;-0.079;0.604;-0.063;0.997;0.048;0.606;0.000;0.796
11.821;-20.788;2.080;-42.478;-0.793;-0.078;0.604;-0.062;0.997;0.048;0.606;0.000;0.796
11.922;-21.029;2.080;-42.295;-0.793;-0.078;0.604;-0.062;0.997;0.048;0.606;0.000;0.796
12.024;-21.272;2.080;-42.110;-0.793;-0.078;0.604;-0.062;0.997;0.048;0.606;0.000;0.796
12.130;-21.522;2.080;-41.920;-0.793;-0.078;0.604;-0.062;0.997;0.048;0.606;0.000;0.796
12.235;-21.765;2.080;-41.735;-0.793;-0.078;0.604;-0.062;0.997;0.048;0.606;0.000;0.796
12.336;-22.017;2.080;-41.543;-0.793;-0.078;0.604;-0.062;0.997;0.048;0.606;0.000;0.796
12.437;-22.259;2.080;-41.359;-0.793;-0.078;0.604;-0.062;0.997;0.048;0.606;0.000;0.796
12.538;-22.499;2.080;-41.176;-0.793;-0.078;0.604;-0.062;0.997;0.048;0.606;0.000;0.796
12.639;-22.741;2.080;-40.992;-0.793;-0.078;0.604;-0.062;0.997;0.048;0.606;0.000;0.796
12.743;-22.987;2.080;-40.804;-0.793;-0.078;0.604;-0.062;0.997;0.048;0.606;0.000;0.796
12.844;-23.229;2.080;-40.621;-0.793;-0.078;0.604;-0.062;0.997;0.048;0.606;0.000;0.796
12.946;-23.472;2.080;-40.435;-0.793;-0.078;0.604;-0.062;0.997;0.048;0.606;0.000;0.796
13.048;-23.715;2.080;-40.250;-0.793;-0.078;0.604;-0.062;0.997;0.048;0.606;0.000;0.796
13.154;-23.955;2.080;-40.068;-0.793;-0.078;0.604;-0.062;0.997;0.048;0.606;0.000;0.796
13.257;-24.218;2.080;-39.868;-0.794;-0.077;0.603;-0.061;0.997;0.047;0.605;0.000;0.797
13.359;-24.460;2.080;-39.685;-0.795;-0.077;0.602;-0.062;0.997;0.047;0.604;0.000;0.797
13.459;-24.700;2.080;-39.503;-0.795;-0.077;0.602;-0.062;0.997;0.047;0.604;0.000;0.797
13.562;-24.946;2.080;-39.317;-0.795;-0.077;0.602;-0.062;0.997;0.047;0.604;0.000;0.797
13.665;-25.191;2.080;-39.132;-0.796;-0.075;0.601;-0.060;0.997;0.046;0.603;0.000;0.798
13.772;-25.437;2.080;-38.945;-0.796;-0.075;0.601;-0.060;0.997;0.046;0.603;0.000;0.798
13.873;-25.654;2.080;-38.781;-0.796;-0.073;0.601;-0.059;0.997;0.044;0.603;0.000;0.798
13.974;-25.788;2.080;-38.680;-0.796;-0.068;0.602;-0.054;0.998;0.041;0.603;0.000;0.798
14.077;-25.849;2.080;-38.634;-0.795;-0.068;0.602;-0.054;0.998;0.041;0.604;0.000;0.797
14.177;-25.850;2.080;-38.633;-0.795;-0.068;0.602;-0.054;0.998;0.041;0.604;0.000;0.797
14.278;-25.858;2.080;-38.627;-0.795;-0.068;0.602;-0.054;0.998;0.041;0.604;0.000;0.797
14.381;-25.935;2.080;-38.569;-0.795;-0.068;0.602;-0.054;0.998;0.041;0.604;0.000;0.797
14.482;-26.083;2.080;-38.456;-0.787;-0.064;0.614;-0.051;0.998;0.039;0.615;0.000;0.789
14.584;-26.299;2.080;-38.283;-0.775;-0.061;0.629;-0.047;0.998;0.038;0.630;0.000;0.776
14.685;-26.532;2.080;-38.086;-0.754;-0.052;0.654;-0.039;0.999;0.034;0.655;0.000;0.756
14.789;-26.766;2.080;-37.882;-0.752;-0.051;0.657;-0.039;0.999;0.034;0.658;0.000;0.753
14.891;-26.997;2.080;-37.681;-0.752;-0.051;0.657;-0.039;0.999;0.034;0.658;0.000;0.753
14.991;-27.224;2.080;-37.483;-0.752;-0.049;0.657;-0.037;0.999;0.033;0.658;0.000;0.753
15.093;-27.453;2.080;-37.282;-0.754;-0.034;0.656;-0.025;0.999;0.022;0.656;0.000;0.754
15.194;-27.684;2.080;-37.083;-0.756;0.003;0.654;0.002;1.000;-0.002;0.654;0.000;0.756
15.297;-27.918;2.080;-36.881;-0.760;0.011;0.650;0.008;1.000;-0.007;0.650;0.000;0.760
15.402;-28.156;2.080;-36.679;-0.765;0.015;0.644;0.011;1.000;-0.010;0.644;0.000;0.765
15.504;-28.393;2.080;-36.481;-0.773;0.015;0.634;0.011;1.000;-0.009;0.634;0.000;0.773
15.606;-28.629;2.080;-36.291;-0.789;0.008;0.614;0.006;1.000;-0.005;0.614;0.000;0.789
15.707;-28.872;2.080;-36.111;-0.817;0.005;0.577;0.004;1.000;-0.003;0.577;0.000;0.817
15.807;-29.122;2.080;-35.946;-0.856;0.005;0.518;0.004;1.000;-0.003;0.518;0.000;0.856
15.909;-29.332;2.080;-35.834;-0.909;0.010;0.417;0.009;1.000;-0.004;0.417;0.000;0.909
16.011;-29.469;2.080;-35.779;-0.947;0.009;0.322;0.009;1.000;-0.003;0.322;0.000;0.947
16.112;-29.515;2.080;-35.765;-0.976;0.009;0.218;0.009;1.000;-0.002;0.218;0.000;0.976
16.213;-29.515;2.080;-35.765;-0.991;0.014;0.133;0.014;1.000;-0.002;0.133;0.000;0.991
16.313;-29.515;2.080;-35.765;-1.000;0.025;-0.012;0.025;1.000;0.000;-0.012;0.000;1.000
16.414;-29.515;2.080;-35.765;-0.993;0.021;-0.118;0.021;1.000;0.003;-0.118;0.000;0.993
16.517;-29.515;2.080;-35.765;-0.993;0.021;-0.118;0.021;1.000;0.003;-0.118;0.000;0.993
16.618;-29.515;2.080;-35.765;-0.993;0.021;-0.118;0.021;1.000;0.003;-0.118;0.000;0.993
16.719;-29.515;2.080;-35.765;-0.993;0.021;-0.118;0.021;1.000;0.003;-0.118;0.000;0.993
16.823;-29.515;2.080;-35.765;-0.993;0.021;-0.118;0.021;1.000;0.003;-0.118;0.000;0.993
16.924;-29.515;2.080;-35.765;-0.993;0.021;-0.118;0.021;1.000;0.003;-0.118;0.000;0.993
17.026;-29.515;2.080;-35.765;-0.993;0.021;-0.119;0.021;1.000;0.003;-0.119;0.000;0.993
17.127;-29.515;2.080;-35.765;-0.991;0.026;-0.128;0.026;1.000;0.003;-0.128;0.000;0.992
17.227;-29.515;2.080;-35.765;-0.977;0.010;-0.214;0.010;1.000;0.002;-0.214;0.000;0.977
17.329;-29.515;2.080;-35.765;-0.961;-0.003;-0.275;-0.003;1.000;-0.001;-0.275;0.000;0.961
17.429;-29.515;2.080;-35.765;-0.947;-0.013;-0.321;-0.012;1.000;-0.004;-0.321;0.000;0.947
17.532;-29.515;2.080;-35.765;-0.933;-0.021;-0.359;-0.020;1.000;-0.008;-0.359;0.000;0.933
17.633;-29.515;2.080;-35.765;-0.907;-0.032;-0.421;-0.029;0.999;-0.014;-0.421;0.000;0.907
17.734;-29.515;2.080;-35.765;-0.873;-0.048;-0.485;-0.042;0.999;-0.023;-0.486;0.000;0.874
17.836;-29.515;2.080;-35.765;-0.775;-0.065;-0.629;-0.050;0.998;-0.041;-0.630;0.000;0.777
17.938;-29.515;2.080;-35.765;-0.766;-0.069;-0.639;-0.053;0.998;-0.044;-0.640;0.000;0.768
18.040;-29.515;2.080;-35.765;-0.762;-0.070;-0.644;-0.054;0.998;-0.045;-0.645;0.000;0.764
18.144;-29.515;2.080;-35.765;-0.762;-0.070;-0.644;-0.054;0.998;-0.045;-0.645;0.000;0.764
18.244;-29.516;2.080;-35.765;-0.803;-0.068;-0.592;-0.054;0.998;-0.040;-0.593;0.000;0.805
18.346;-29.577;2.080;-35.808;-0.820;-0.068;-0.568;-0.056;0.998;-0.038;-0.569;0.000;0.822
18.446;-29.712;2.080;-35.902;-0.821;-0.068;-0.568;-0.056;0.998;-0.038;-0.569;0.000;0.822
18.549;-29.930;2.080;-36.052;-0.821;-0.068;-0.568;-0.056;0.998;-0.038;-0.569;0.000;0.822
18.650;-30.176;2.080;-36.223;-0.819;-0.065;-0.570;-0.054;0.998;-0.037;-0.571;0.000;0.821
18.752;-30.429;2.080;-36.399;-0.819;-0.064;-0.570;-0.053;0.998;-0.037;-0.571;0.000;0.821
18.852;-30.676;2.080;-36.571;-0.819;-0.064;-0.570;-0.053;0.998;-0.037;-0.571;0.000;0.821
18.955;-30.929;2.080;-36.747;-0.819;-0.064;-0.570;-0.053;0.998;-0.037;-0.571;0.000;0.821
19.057;-31.180;2.080;-36.922;-0.819;-0.064;-0.570;-0.053;0.998;-0.037;-0.571;0.000;0.821
19.162;-31.440;2.080;-37.103;-0.819;-0.064;-0.570;-0.053;0.998;-0.037;-0.571;0.000;0.821
19.264;-31.693;2.080;-37.279;-0.819;-0.064;-0.570;-0.053;0.998;-0.037;-0.571;0.000;0.821
19.364;-31.940;2.080;-37.451;-0.819;-0.064;-0.570;-0.053;0.998;-0.037;-0.571;0.000;0.821
19.469;-32.193;2.080;-37.627;-0.819;-0.064;-0.570;-0.053;0.998;-0.037;-0.571;0.000;0.821
19.570;-32.446;2.080;-37.803;-0.819;-0.064;-0.570;-0.053;0.998;-0.037;-0.571;0.000;0.821
19.673;-32.696;2.080;-37.977;-0.818;-0.063;-0.572;-0.052;0.998;-0.036;-0.573;0.000;0.820
19.773;-32.946;2.080;-38.152;-0.818;-0.063;-0.572;-0.052;0.998;-0.036;-0.573;0.000;0.819
19.875;-33.196;2.080;-38.328;-0.818;-0.063;-0.572;-0.052;0.998;-0.036;-0.573;0.000;0.819
19.975;-33.442;2.080;-38.500;-0.817;-0.063;-0.574;-0.051;0.998;-0.036;-0.575;0.000;0.818
20.077;-33.692;2.080;-38.676;-0.816;-0.063;-0.574;-0.051;0.998;-0.036;-0.575;0.000;0.818
20.179;-33.815;2.080;-38.821;-0.816;-0.063;-0.574;-0.051;0.998;-0.036;-0.575;0.000;0.818
20.281;-33.845;2.080;-38.971;-0.816;-0.063;-0.574;-0.051;0.998;-0.036;-0.575;0.000;0.818
20.384;-33.889;2.080;-39.185;-0.816;-0.063;-0.574;-0.051;0.998;-0.036;-0.575;0.000;0.818
20.485;-34.111;2.080;-39.373;-0.815;-0.063;-0.576;-0.051;0.998;-0.036;-0.577;0.000;0.817
20.586;-34.359;2.080;-39.548;-0.815;-0.063;-0.576;-0.051;0.998;-0.036;-0.577;0.000;0.817
20.687;-34.188;2.080;-39.642;-0.815;-0.063;-0.576;-0.051;0.998;-0.036;-0.577;0.000;0.817
20.788;-34.153;2.080;-39.854;-0.815;-0.063;-0.576;-0.051;0.998;-0.036;-0.577;0.000;0.817
20.888;-34.297;2.080;-40.080;-0.815;-0.063;-0.576;-0.051;0.998;-0.036;-0.577;0.000;0.817
20.991;-34.550;2.080;-40.258;-0.815;-0.063;-0.576;-0.051;0.998;-0.036;-0.577;0.000;0.817
21.092;-34.797;2.080;-40.433;-0.815;-0.063;-0.576;-0.051;0.998;-0.036;-0.577;0.000;0.817
21.194;-35.047;2.080;-40.610;-0.815;-0.063;-0.576;-0.051;0.998;-0.036;-0.577;0.000;0.817
21.295;-35.028;2.080;-40.707;-0.815;-0.063;-0.576;-0.051;0.998;-0.036;-0.577;0.000;0.817
21.398;-34.944;2.080;-40.859;-0.815;-0.063;-0.576;-0.051;0.998;-0.036;-0.577;0.000;0.817
21.500;-34.962;2.080;-41.108;-0.815;-0.063;-0.576;-0.051;0.998;-0.036;-0.577;0.000;0.817
21.601;-35.178;2.080;-41.306;-0.815;-0.063;-0.576;-0.051;0.998;-0.036;-0.577;0.000;0.817
21.703;-35.426;2.080;-41.481;-0.815;-0.063;-0.576;-0.051;0.998;-0.036;-0.577;0.000;0.817
21.806;-35.680;2.080;-41.659;-0.822;-0.063;-0.566;-0.052;0.998;-0.036;-0.568;0.000;0.823
21.909;-35.933;2.080;-41.830;-0.834;-0.063;-0.548;-0.053;0.998;-0.035;-0.549;0.000;0.836
22.011;-36.157;2.080;-41.961;-0.844;-0.064;-0.532;-0.055;0.998;-0.034;-0.533;0.000;0.846
22.113;-36.294;2.080;-42.047;-0.852;-0.064;-0.520;-0.055;0.998;-0.034;-0.521;0.000;0.854
22.214;-36.351;2.080;-42.079;-0.892;-0.062;-0.447;-0.055;0.998;-0.028;-0.448;0.000;0.894
22.314;-36.351;2.080;-42.079;-0.932;-0.061;-0.357;-0.057;0.998;-0.022;-0.358;0.000;0.934
22.416;-36.351;2.080;-42.079;-0.973;-0.062;-0.224;-0.060;0.998;-0.014;-0.224;0.000;0.974
22.518;-36.351;2.080;-42.079;-0.993;-0.060;-0.106;-0.059;0.998;-0.006;-0.106;0.000;0.994
22.621;-36.351;2.080;-42.079;-0.998;-0.059;0.029;-0.059;0.998;0.002;0.029;0.000;1.000
22.722;-36.351;2.080;-42.079;-0.998;-0.059;0.029;-0.059;0.998;0.002;0.029;0.000;1.000
22.825;-36.351;2.080;-42.079;-0.998;-0.059;0.030;-0.059;0.998;0.002;0.030;0.000;1.000
22.926;-36.629;2.080;-41.579;-0.998;-0.059;0.030;-0.059;0.998;0.002;0.030;0.000;1.000
23.026;-36.605;2.080;-41.401;-0.998;-0.059;0.035;-0.059;0.998;0.002;0.035;0.000;0.999
23.130;-36.640;2.080;-41.110;-0.997;-0.060;0.047;-0.060;0.998;0.003;0.047;0.000;0.999
23.232;-36.806;2.080;-40.787;-0.997;-0.060;0.041;-0.060;0.998;0.002;0.041;0.000;0.999
23.333;-36.930;2.080;-40.660;-0.998;-0.060;-0.005;-0.060;0.998;0.000;-0.005;0.000;1.000
23.433;-37.070;2.080;-40.520;-0.997;-0.058;-0.044;-0.058;0.998;-0.003;-0.045;0.000;0.999
23.536;-37.103;2.080;-40.424;-0.995;-0.063;-0.078;-0.063;0.998;-0.005;-0.078;0.000;0.997
23.637;-36.734;2.080;-40.060;-0.993;-0.068;-0.095;-0.067;0.998;-0.006;-0.096;0.000;0.995
23.738;-36.592;2.080;-39.940;-0.993;-0.069;-0.099;-0.069;0.998;-0.007;-0.099;0.000;0.995
23.839;-36.592;2.080;-39.940;-0.992;-0.069;-0.103;-0.069;0.998;-0.007;-0.103;0.000;0.995
23.942;-36.265;2.080;-39.596;-0.992;-0.070;-0.105;-0.069;0.998;-0.007;-0.105;0.000;0.994
24.043;-36.060;2.080;-39.396;-0.992;-0.070;-0.107;-0.069;0.998;-0.007;-0.107;0.000;0.994
24.144;-35.837;2.080;-39.197;-0.992;-0.070;-0.109;-0.069;0.998;-0.008;-0.109;0.000;0.994
24.246;-35.703;2.080;-39.102;-0.992;-0.070;-0.109;-0.069;0.998;-0.008;-0.109;0.000;0.994
24.348;-35.509;2.080;-38.915;-0.992;-0.070;-0.109;-0.069;0.998;-0.008;-0.109;0.000;0.994
24.450;-35.388;2.080;-38.718;-0.991;-0.070;-0.110;-0.069;0.998;-0.008;-0.110;0.000;0.994
24.551;-35.216;2.080;-38.563;-0.991;-0.070;-0.110;-0.069;0.998;-0.008;-0.110;0.000;0.994
24.655;-35.060;2.080;-38.408;-0.990;-0.071;-0.121;-0.071;0.997;-0.009;-0.121;0.000;0.993
24.760;-34.992;2.080;-38.344;-0.977;-0.081;-0.195;-0.079;0.997;-0.016;-0.196;0.000;0.981
24.863;-34.992;2.080;-38.344;-0.960;-0.083;-0.267;-0.080;0.997;-0.022;-0.268;0.000;0.963
24.965;-34.992;2.080;-38.344;-0.921;-0.085;-0.381;-0.078;0.996;-0.032;-0.382;0.000;0.924
25.067;-34.992;2.080;-38.344;-0.892;-0.085;-0.443;-0.076;0.996;-0.038;-0.445;0.000;0.896
25.170;-34.992;2.080;-38.344;-0.879;-0.087;-0.470;-0.076;0.996;-0.041;-0.471;0.000;0.882
25.272;-34.992;2.080;-38.344;-0.823;-0.085;-0.562;-0.070;0.996;-0.048;-0.564;0.000;0.826
25.373;-34.992;2.080;-38.344;-0.793;-0.082;-0.604;-0.065;0.997;-0.049;-0.606;0.000;0.796
25.476;-34.992;2.080;-38.344;-0.790;-0.082;-0.608;-0.065;0.997;-0.050;-0.610;0.000;0.793
25.578;-34.992;2.080;-38.344;-0.788;-0.083;-0.610;-0.066;0.997;-0.051;-0.612;0.000;0.791
25.680;-35.390;2.080;-39.143;-0.779;-0.083;-0.621;-0.065;0.997;-0.052;-0.623;0.000;0.782
25.782;-35.486;2.080;-39.225;-0.745;-0.083;-0.661;-0.062;0.997;-0.055;-0.664;0.000;0.748
25.884;-35.649;2.080;-39.370;-0.741;-0.083;-0.666;-0.062;0.997;-0.056;-0.668;0.000;0.744
25.986;-35.872;2.080;-39.570;-0.741;-0.083;-0.666;-0.062;0.997;-0.056;-0.669;0.000;0.744
26.090;-36.101;2.080;-39.777;-0.741;-0.083;-0.666;-0.062;0.997;-0.056;-0.669;0.000;0.744
26.192;-36.329;2.080;-39.982;-0.741;-0.083;-0.666;-0.062;0.997;-0.056;-0.669;0.000;0.744
26.294;-36.557;2.080;-40.187;-0.739;-0.082;-0.669;-0.061;0.997;-0.055;-0.671;0.000;0.741
26.398;-36.785;2.080;-40.398;-0.723;-0.080;-0.686;-0.058;0.997;-0.055;-0.688;0.000;0.726
26.500;-36.976;2.080;-40.580;-0.719;-0.079;-0.690;-0.057;0.997;-0.055;-0.692;0.000;0.721
26.602;-36.976;2.080;-40.580;-0.714;-0.075;-0.697;-0.053;0.997;-0.052;-0.698;0.000;0.716
26.704;-36.976;2.080;-40.580;-0.713;-0.073;-0.697;-0.052;0.997;-0.051;-0.699;0.000;0.715
26.805;-36.976;2.080;-40.580;-0.713;-0.072;-0.698;-0.051;0.997;-0.050;-0.700;0.000;0.714
26.906;-36.976;2.080;-40.580;-0.711;-0.071;-0.700;-0.051;0.997;-0.050;-0.701;0.000;0.713
27.007;-36.976;2.080;-40.580;-0.701;-0.071;-0.710;-0.050;0.997;-0.051;-0.711;0.000;0.703
27.107;-36.976;2.080;-40.580;-0.681;-0.071;-0.729;-0.049;0.997;-0.052;-0.731;0.000;0.682
27.209;-36.976;2.080;-40.580;-0.680;-0.072;-0.730;-0.049;0.997;-0.053;-0.732;0.000;0.682
27.310;-36.976;2.080;-40.580;-0.680;-0.072;-0.730;-0.049;0.997;-0.053;-0.732;0.000;0.682
27.412;-36.980;2.080;-40.590;-0.680;-0.072;-0.730;-0.049;0.997;-0.053;-0.732;0.000;0.682
27.513;-36.936;2.080;-40.672;-0.680;-0.072;-0.730;-0.049;0.997;-0.053;-0.732;0.000;0.682
27.616;-36.801;2.080;-40.798;-0.680;-0.072;-0.730;-0.049;0.997;-0.053;-0.732;0.000;0.682
27.720;-36.596;2.080;-40.988;-0.680;-0.072;-0.730;-0.049;0.997;-0.053;-0.732;0.000;0.682
27.821;-36.373;2.080;-41.196;-0.680;-0.072;-0.730;-0.049;0.997;-0.053;-0.732;0.000;0.682
27.922;-36.189;2.080;-41.367;-0.680;-0.072;-0.730;-0.049;0.997;-0.053;-0.732;0.000;0.682
28.024;-36.072;2.080;-41.479;-0.702;-0.077;-0.708;-0.054;0.997;-0.055;-0.710;0.000;0.704
28.126;-36.027;2.080;-41.528;-0.795;-0.082;-0.601;-0.065;0.997;-0.049;-0.603;0.000;0.798
28.229;-36.027;2.080;-41.528;-0.808;-0.083;-0.583;-0.068;0.997;-0.049;-0.585;0.000;0.811
28.332;-36.027;2.080;-41.528;-0.808;-0.083;-0.583;-0.068;0.997;-0.049;-0.585;0.000;0.811
28.434;-36.027;2.080;-41.528;-0.808;-0.083;-0.583;-0.068;0.997;-0.049;-0.585;0.000;0.811
28.536;-36.027;2.080;-41.528;-0.808;-0.083;-0.583;-0.068;0.997;-0.049;-0.585;0.000;0.811
28.639;-36.027;2.080;-41.528;-0.808;-0.083;-0.583;-0.068;0.997;-0.049;-0.585;0.000;0.811
28.742;-36.027;2.080;-41.528;-0.808;-0.083;-0.583;-0.068;0.997;-0.049;-0.585;0.000;0.811
28.842;-36.027;2.080;-41.528;-0.808;-0.083;-0.583;-0.068;0.997;-0.049;-0.585;0.000;0.811
28.943;-36.027;2.080;-41.528;-0.808;-0.083;-0.583;-0.068;0.997;-0.049;-0.585;0.000;0.811
29.045;-36.027;2.080;-41.528;-0.808;-0.083;-0.583;-0.068;0.997;-0.049;-0.585;0.000;0.811
29.155;-36.359;2.080;-41.210;-0.808;-0.083;-0.583;-0.068;0.997;-0.049;-0.585;0.000;0.811
29.258;-36.361;2.080;-41.211;-0.810;-0.084;-0.581;-0.068;0.996;-0.049;-0.583;0.000;0.813
29.362;-36.423;2.080;-41.256;-0.810;-0.084;-0.581;-0.068;0.996;-0.049;-0.583;0.000;0.813
29.463;-36.561;2.080;-41.354;-0.810;-0.084;-0.581;-0.068;0.996;-0.049;-0.583;0.000;0.813
29.565;-36.773;2.080;-41.507;-0.810;-0.084;-0.581;-0.068;0.996;-0.049;-0.583;0.000;0.813
29.668;-36.873;2.080;-41.605;-0.810;-0.084;-0.581;-0.068;0.996;-0.049;-0.583;0.000;0.813
29.769;-36.846;2.080;-41.684;-0.810;-0.084;-0.580;-0.068;0.996;-0.049;-0.582;0.000;0.813
29.869;-36.830;2.080;-41.771;-0.870;-0.091;-0.484;-0.080;0.996;-0.044;-0.486;0.000;0.874
29.971;-36.827;2.080;-41.824;-0.905;-0.091;-0.416;-0.083;0.996;-0.038;-0.418;0.000;0.908
30.072;-36.828;2.080;-41.829;-0.922;-0.091;-0.375;-0.085;0.996;-0.034;-0.377;0.000;0.926
30.173;-36.828;2.080;-41.829;-0.923;-0.091;-0.374;-0.085;0.996;-0.034;-0.375;0.000;0.927
30.274;-36.828;2.080;-41.829;-0.923;-0.091;-0.374;-0.085;0.996;-0.034;-0.375;0.000;0.927
30.374;-36.828;2.080;-41.829;-0.923;-0.091;-0.374;-0.085;0.996;-0.034;-0.375;0.000;0.927
30.476;-36.828;2.080;-41.829;-0.923;-0.091;-0.374;-0.085;0.996;-0.034;-0.375;0.000;0.927
30.578;-36.828;2.080;-41.829;-0.923;-0.091;-0.374;-0.085;0.996;-0.034;-0.375;0.000;0.927
30.679;-36.828;2.080;-41.829;-0.923;-0.091;-0.374;-0.085;0.996;-0.034;-0.375;0.000;0.927
30.780;-36.828;2.080;-41.829;-0.923;-0.091;-0.374;-0.085;0.996;-0.034;-0.375;0.000;0.927
30.882;-36.828;2.080;-41.829;-0.923;-0.091;-0.374;-0.085;0.996;-0.034;-0.375;0.000;0.927
30.983;-36.828;2.080;-41.829;-0.923;-0.091;-0.374;-0.085;0.996;-0.034;-0.375;0.000;0.927
31.085;-36.828;2.080;-41.829;-0.923;-0.091;-0.374;-0.085;0.996;-0.034;-0.375;0.000;0.927
31.187;-36.828;2.080;-41.829;-0.933;-0.091;-0.348;-0.086;0.996;-0.032;-0.349;0.000;0.937
31.288;-36.828;2.080;-41.829;-0.951;-0.091;-0.296;-0.086;0.996;-0.027;-0.297;0.000;0.955
31.390;-36.485;2.080;-41.683;-0.953;-0.091;-0.289;-0.087;0.996;-0.026;-0.290;0.000;0.957
31.492;-36.485;2.080;-41.683;-0.953;-0.091;-0.289;-0.087;0.996;-0.026;-0.290;0.000;0.957
31.594;-36.485;2.080;-41.683;-0.953;-0.091;-0.289;-0.087;0.996;-0.026;-0.290;0.000;0.957
31.694;-36.485;2.080;-41.683;-0.953;-0.091;-0.288;-0.087;0.996;-0.026;-0.289;0.000;0.957
31.795;-36.485;2.080;-41.683;-0.958;-0.091;-0.274;-0.087;0.996;-0.025;-0.275;0.000;0.962
31.897;-36.485;2.080;-41.683;-0.959;-0.091;-0.269;-0.087;0.996;-0.024;-0.270;0.000;0.963
32.000;-36.485;2.080;-41.683;-0.961;-0.091;-0.262;-0.087;0.996;-0.024;-0.263;0.000;0.965
32.103;-36.512;2.080;-41.691;-0.961;-0.091;-0.262;-0.087;0.996;-0.024;-0.263;0.000;0.965
32.204;-36.632;2.080;-41.723;-0.961;-0.091;-0.261;-0.087;0.996;-0.024;-0.262;0.000;0.965
32.307;-36.846;2.080;-41.781;-0.961;-0.091;-0.261;-0.087;0.996;-0.024;-0.262;0.000;0.965
32.411;-37.139;2.080;-41.861;-0.962;-0.091;-0.258;-0.087;0.996;-0.023;-0.259;0.000;0.966
32.513;-37.343;2.080;-42.054;-0.969;-0.092;-0.231;-0.089;0.996;-0.021;-0.232;0.000;0.973
32.615;-37.600;2.080;-42.205;-0.977;-0.095;-0.190;-0.093;0.995;-0.018;-0.191;0.000;0.982
32.718;-37.903;2.080;-42.257;-0.982;-0.097;-0.160;-0.095;0.995;-0.016;-0.161;0.000;0.987
32.819;-38.206;2.080;-42.300;-0.988;-0.099;-0.115;-0.099;0.995;-0.011;-0.115;0.000;0.993
32.920;-38.507;2.080;-42.330;-0.991;-0.103;-0.080;-0.103;0.995;-0.008;-0.081;0.000;0.997
33.022;-38.814;2.080;-42.342;-0.994;-0.111;0.019;-0.111;0.994;0.002;0.019;0.000;1.000
33.125;-39.119;2.080;-42.328;-0.992;-0.111;0.060;-0.111;0.994;0.007;0.060;0.000;0.998
33.229;-39.129;2.080;-42.326;-0.986;-0.104;0.132;-0.103;0.995;0.014;0.133;0.000;0.991
33.332;-39.130;2.080;-42.286;-0.973;-0.071;0.218;-0.069;0.997;0.015;0.218;0.000;0.976
33.435;-39.159;2.080;-42.150;-0.944;-0.022;0.330;-0.021;1.000;0.007;0.330;0.000;0.944
33.539;-39.285;2.080;-41.952;-0.944;-0.020;0.330;-0.019;1.000;0.007;0.330;0.000;0.944
33.640;-39.480;2.080;-41.759;-0.951;-0.019;0.308;-0.018;1.000;0.006;0.308;0.000;0.951
33.741;-39.727;2.080;-41.618;-0.990;-0.015;0.139;-0.015;1.000;0.002;0.139;0.000;0.990
33.844;-40.032;2.080;-41.581;-0.997;-0.018;0.072;-0.018;1.000;0.001;0.072;0.000;0.997
33.946;-40.340;2.080;-41.566;-0.999;-0.020;0.033;-0.020;1.000;0.001;0.033;0.000;0.999
34.047;-40.642;2.080;-41.556;-0.999;-0.020;0.033;-0.020;1.000;0.001;0.033;0.000;0.999
34.150;-40.950;2.080;-41.546;-0.999;-0.020;0.033;-0.020;1.000;0.001;0.033;0.000;0.999
34.252;-41.255;2.080;-41.536;-0.999;-0.020;0.033;-0.020;1.000;0.001;0.033;0.000;0.999
