1.959;-11.650;2.005;-47.040;0.000;0.000;1.000;0.000;1.000;0.000;1.000;0.000;0.000
2.062;-11.650;2.005;-47.040;0.000;0.000;1.000;0.000;1.000;0.000;1.000;0.000;0.000
2.165;-11.650;2.005;-47.040;0.000;0.000;1.000;0.000;1.000;0.000;1.000;0.000;0.000
2.266;-11.650;2.005;-47.040;0.000;0.000;1.000;0.000;1.000;0.000;1.000;0.000;0.000
2.366;-11.650;2.005;-47.040;0.000;0.000;1.000;0.000;1.000;0.000;1.000;0.000;0.000
2.466;-11.650;2.005;-47.040;0.005;0.009;1.000;0.000;1.000;-0.009;1.000;0.000;-0.005
2.567;-11.650;2.005;-47.040;0.072;0.109;0.991;-0.008;0.994;-0.109;0.997;0.000;-0.072
2.671;-11.650;2.005;-47.040;0.342;0.241;0.908;-0.085;0.970;-0.226;0.936;0.000;-0.352
2.771;-11.650;2.005;-47.040;0.495;0.301;0.815;-0.157;0.953;-0.258;0.855;0.000;-0.519
2.871;-11.650;2.005;-47.040;0.671;0.340;0.659;-0.243;0.940;-0.238;0.701;0.000;-0.714
2.971;-11.650;2.005;-47.040;0.738;0.386;0.553;-0.309;0.922;-0.232;0.600;0.000;-0.800
3.079;-11.650;2.005;-47.040;0.737;0.464;0.492;-0.386;0.886;-0.258;0.555;0.000;-0.832
3.179;-11.650;2.005;-47.040;0.713;0.599;0.363;-0.534;0.800;-0.272;0.454;0.000;-0.891
3.282;-11.650;2.005;-47.040;0.797;0.534;0.283;-0.503;0.845;-0.179;0.334;0.000;-0.942
3.384;-11.650;2.005;-47.040;0.914;0.346;0.210;-0.338;0.938;-0.077;0.224;0.000;-0.975
3.486;-11.650;2.005;-47.040;0.979;0.130;0.154;-0.129;0.991;-0.020;0.156;0.000;-0.988
3.594;-11.650;2.005;-47.040;0.988;-0.026;-0.149;0.025;1.000;-0.004;-0.149;0.000;-0.989
3.695;-11.650;2.005;-47.040;0.854;-0.076;-0.515;0.065;0.997;-0.039;-0.516;0.000;-0.857
3.797;-11.650;2.005;-47.040;0.744;-0.091;-0.662;0.068;0.996;-0.061;-0.665;0.000;-0.747
3.897;-11.650;2.005;-47.040;0.683;-0.109;-0.722;0.075;0.994;-0.079;-0.727;0.000;-0.687
3.999;-11.650;2.005;-47.040;0.668;-0.107;-0.737;0.072;0.994;-0.080;-0.741;0.000;-0.672
4.100;-11.650;2.005;-47.040;0.659;-0.103;-0.745;0.068;0.995;-0.077;-0.749;0.000;-0.662
4.201;-11.650;2.005;-47.040;0.579;-0.141;-0.803;0.082;0.990;-0.114;-0.811;0.000;-0.584
4.302;-11.650;2.005;-47.040;0.572;-0.142;-0.808;0.082;0.990;-0.116;-0.816;0.000;-0.578
4.403;-11.650;2.005;-47.040;0.688;-0.103;-0.718;0.071;0.995;-0.074;-0.722;0.000;-0.692
4.504;-11.650;2.005;-47.040;0.949;-0.086;-0.303;0.082;0.996;-0.026;-0.304;0.000;-0.953
4.605;-11.650;2.005;-47.040;0.996;-0.080;0.034;0.080;0.997;0.003;0.034;0.000;-0.999
4.707;-11.650;2.005;-47.040;0.927;-0.095;0.363;0.089;0.995;0.035;0.365;0.000;-0.931
4.809;-11.650;2.005;-47.040;0.796;-0.124;0.593;0.100;0.992;0.074;0.597;0.000;-0.802
4.909;-11.650;2.005;-47.040;0.643;-0.144;0.752;0.093;0.990;0.109;0.760;0.000;-0.650
5.012;-11.650;2.005;-47.040;0.552;-0.150;0.820;0.084;0.989;0.125;0.830;0.000;-0.558
5.113;-11.650;2.005;-47.040;0.463;-0.156;0.873;0.073;0.988;0.138;0.884;0.000;-0.468
5.214;-11.650;2.005;-47.040;0.356;-0.160;0.921;0.057;0.987;0.149;0.933;0.000;-0.360
5.314;-11.650;2.005;-47.040;0.243;-0.157;0.957;0.039;0.988;0.152;0.969;0.000;-0.246
5.416;-11.650;2.005;-47.040;0.173;-0.155;0.973;0.027;0.988;0.153;0.985;0.000;-0.175
5.519;-11.650;2.005;-47.040;-0.097;-0.152;0.984;-0.015;0.988;0.152;0.995;0.000;0.098
5.622;-11.650;2.005;-47.040;-0.123;-0.151;0.981;-0.019;0.989;0.149;0.992;0.000;0.124
5.722;-11.650;2.005;-47.040;-0.123;-0.151;0.981;-0.019;0.989;0.149;0.992;0.000;0.124
5.825;-11.650;2.005;-47.040;-0.123;-0.151;0.981;-0.019;0.989;0.149;0.992;0.000;0.124
5.927;-11.650;2.005;-47.040;-0.123;-0.151;0.981;-0.019;0.989;0.149;0.992;0.000;0.124
6.029;-11.650;2.005;-47.040;-0.123;-0.151;0.981;-0.019;0.989;0.149;0.992;0.000;0.124
6.131;-11.650;2.005;-47.040;-0.125;-0.150;0.981;-0.019;0.989;0.149;0.992;0.000;0.126
6.231;-11.650;2.005;-47.040;-0.226;-0.177;0.958;-0.041;0.984;0.172;0.973;0.000;0.229
6.333;-11.650;2.005;-47.040;-0.433;-0.231;0.872;-0.103;0.973;0.207;0.896;0.000;0.445
6.438;-11.650;2.005;-47.040;-0.759;-0.272;0.591;-0.214;0.962;0.167;0.614;0.000;0.789
6.540;-11.650;2.005;-47.040;-0.849;-0.280;0.449;-0.248;0.960;0.131;0.468;0.000;0.884
6.642;-11.650;2.005;-47.040;-0.887;-0.275;0.372;-0.253;0.961;0.106;0.387;0.000;0.922
6.746;-11.650;2.005;-47.040;-0.917;-0.264;0.299;-0.251;0.965;0.082;0.310;0.000;0.951
6.846;-11.650;2.005;-47.040;-0.947;-0.226;0.230;-0.220;0.974;0.053;0.236;0.000;0.972
6.950;-11.650;2.005;-47.040;-0.984;-0.153;0.088;-0.153;0.988;0.014;0.089;0.000;0.996
7.051;-11.650;2.005;-47.040;-0.993;-0.113;-0.037;-0.113;0.994;-0.004;-0.037;0.000;0.999
7.152;-11.650;2.005;-47.040;-0.966;-0.136;-0.219;-0.133;0.991;-0.030;-0.221;0.000;0.975
7.255;-11.650;2.005;-47.040;-0.899;-0.187;-0.396;-0.171;0.982;-0.075;-0.403;0.000;0.915
7.358;-11.650;2.005;-47.040;-0.899;-0.187;-0.397;-0.171;0.982;-0.075;-0.404;0.000;0.915
7.462;-11.650;2.005;-47.040;-0.892;-0.170;-0.419;-0.154;0.985;-0.073;-0.426;0.000;0.905
7.564;-11.650;2.005;-47.040;-0.893;-0.141;-0.428;-0.128;0.990;-0.061;-0.432;0.000;0.902
7.668;-11.650;2.005;-47.040;-0.898;-0.114;-0.424;-0.103;0.993;-0.049;-0.427;0.000;0.904
7.769;-11.650;2.005;-47.040;-0.908;-0.093;-0.410;-0.085;0.996;-0.038;-0.411;0.000;0.911
7.870;-11.650;2.005;-47.040;-0.922;-0.055;-0.384;-0.051;0.998;-0.021;-0.384;0.000;0.923
7.971;-11.650;2.005;-47.040;-0.927;-0.032;-0.373;-0.029;0.999;-0.012;-0.373;0.000;0.928
8.073;-11.650;2.005;-47.040;-0.929;-0.019;-0.369;-0.018;1.000;-0.007;-0.369;0.000;0.929
8.175;-11.650;2.005;-47.040;-0.930;-0.016;-0.368;-0.015;1.000;-0.006;-0.368;0.000;0.930
8.279;-11.650;2.005;-47.040;-0.931;-0.010;-0.366;-0.009;1.000;-0.004;-0.366;0.000;0.931
8.380;-11.650;2.005;-47.040;-0.931;-0.009;-0.365;-0.008;1.000;-0.003;-0.365;0.000;0.931
8.482;-11.650;2.005;-47.040;-0.931;-0.009;-0.365;-0.008;1.000;-0.003;-0.365;0.000;0.931
8.585;-11.650;2.005;-47.040;-0.932;-0.010;-0.364;-0.009;1.000;-0.004;-0.364;0.000;0.932
8.690;-11.650;2.005;-47.040;-0.932;-0.010;-0.362;-0.009;1.000;-0.004;-0.363;0.000;0.932
8.795;-11.686;2.080;-47.054;-0.932;-0.005;-0.362;-0.004;1.000;-0.002;-0.363;0.000;0.932
8.896;-11.807;2.080;-47.101;-0.932;-0.005;-0.362;-0.004;1.000;-0.002;-0.363;0.000;0.932
8.997;-12.016;2.080;-47.183;-0.932;-0.005;-0.362;-0.004;1.000;-0.002;-0.363;0.000;0.932
9.099;-12.292;2.080;-47.290;-0.932;-0.005;-0.362;-0.004;1.000;-0.002;-0.363;0.000;0.932
9.201;-12.579;2.080;-47.400;-0.932;-0.005;-0.362;-0.004;1.000;-0.002;-0.363;0.000;0.932
9.306;-12.868;2.757;-47.381;-0.933;0.000;-0.360;0.000;1.000;0.000;-0.360;0.000;0.933
9.407;-13.115;2.780;-47.374;-0.934;0.004;-0.358;0.003;1.000;0.001;-0.358;0.000;0.934
9.510;-13.404;2.780;-47.480;-0.943;0.016;-0.333;0.015;1.000;0.005;-0.333;0.000;0.943
9.621;-13.693;2.718;-47.576;-0.953;0.025;-0.301;0.023;1.000;0.007;-0.301;0.000;0.954
9.722;-14.013;2.532;-47.675;-0.955;0.025;-0.294;0.023;1.000;0.007;-0.294;0.000;0.956
9.823;-14.302;2.499;-47.761;-0.962;0.023;-0.273;0.022;1.000;0.006;-0.273;0.000;0.962
9.927;-14.603;2.499;-47.838;-0.978;0.012;-0.209;0.011;1.000;0.002;-0.209;0.000;0.978
10.031;-14.911;2.499;-47.893;-0.991;0.008;-0.135;0.008;1.000;0.001;-0.135;0.000;0.991
10.133;-15.214;2.499;-47.920;-0.999;0.012;-0.030;0.012;1.000;0.000;-0.030;0.000;1.000
10.236;-15.522;2.499;-47.906;-0.991;0.018;0.131;0.018;1.000;-0.002;0.131;0.000;0.991
10.338;-15.758;2.499;-47.853;-0.956;0.016;0.292;0.015;1.000;-0.005;0.292;0.000;0.956
10.438;-15.896;2.499;-47.800;-0.914;0.009;0.405;0.008;1.000;-0.004;0.405;0.000;0.914
10.540;-15.945;2.499;-47.776;-0.884;0.004;0.468;0.003;1.000;-0.002;0.468;0.000;0.884
10.640;-15.945;2.499;-47.776;-0.850;0.004;0.526;0.003;1.000;-0.002;0.526;0.000;0.850
10.743;-15.945;2.499;-47.776;-0.818;0.004;0.575;0.003;1.000;-0.002;0.575;0.000;0.818
10.846;-15.945;2.499;-47.776;-0.774;0.004;0.633;0.003;1.000;-0.002;0.633;0.000;0.774
10.949;-15.945;2.499;-47.776;-0.691;0.007;0.723;0.005;1.000;-0.005;0.723;0.000;0.691
11.051;-15.945;2.499;-47.776;-0.637;0.010;0.771;0.006;1.000;-0.007;0.771;0.000;0.637
11.155;-15.945;2.499;-47.776;-0.621;0.011;0.784;0.007;1.000;-0.009;0.784;0.000;0.621
11.258;-15.945;2.499;-47.776;-0.614;0.011;0.789;0.007;1.000;-0.009;0.789;0.000;0.614
11.359;-15.945;2.496;-47.776;-0.614;0.011;0.789;0.007;1.000;-0.009;0.789;0.000;0.614
11.462;-15.945;2.496;-47.776;-0.614;0.011;0.789;0.007;1.000;-0.009;0.789;0.000;0.614
11.564;-15.945;2.496;-47.776;-0.614;0.011;0.789;0.007;1.000;-0.009;0.789;0.000;0.614
11.664;-15.945;2.496;-47.776;-0.614;0.011;0.789;0.007;1.000;-0.009;0.789;0.000;0.614
11.765;-15.945;2.494;-47.776;-0.614;0.011;0.789;0.007;1.000;-0.009;0.789;0.000;0.614
11.866;-15.945;2.493;-47.776;-0.622;0.014;0.783;0.009;1.000;-0.011;0.783;0.000;0.622
11.969;-15.945;2.493;-47.776;-0.658;0.016;0.753;0.011;1.000;-0.012;0.753;0.000;0.658
12.074;-15.945;2.493;-47.776;-0.700;0.016;0.714;0.011;1.000;-0.012;0.714;0.000;0.700
12.176;-15.945;2.493;-47.776;-0.725;0.014;0.688;0.010;1.000;-0.010;0.688;0.000;0.725
12.279;-15.945;2.493;-47.776;-0.739;0.010;0.673;0.007;1.000;-0.007;0.673;0.000;0.739
12.382;-15.945;2.493;-47.776;-0.730;0.006;0.683;0.004;1.000;-0.004;0.683;0.000;0.730
12.484;-15.945;2.492;-47.776;-0.679;0.000;0.735;0.000;1.000;0.000;0.735;0.000;0.679
12.587;-15.945;2.492;-47.776;-0.619;-0.007;0.785;-0.004;1.000;0.005;0.785;0.000;0.619
12.687;-15.945;2.492;-47.776;-0.599;-0.011;0.801;-0.007;1.000;0.009;0.801;0.000;0.599
12.789;-15.945;2.492;-47.776;-0.593;-0.012;0.805;-0.007;1.000;0.010;0.805;0.000;0.593
12.889;-15.945;2.492;-47.776;-0.591;-0.012;0.807;-0.007;1.000;0.010;0.807;0.000;0.591
12.991;-15.945;2.492;-47.776;-0.591;-0.012;0.807;-0.007;1.000;0.010;0.807;0.000;0.591
13.094;-15.945;2.492;-47.776;-0.591;-0.012;0.807;-0.007;1.000;0.010;0.807;0.000;0.591
13.197;-15.945;2.492;-47.776;-0.591;-0.012;0.806;-0.007;1.000;0.010;0.806;0.000;0.591
13.298;-15.945;2.492;-47.776;-0.591;-0.012;0.806;-0.007;1.000;0.010;0.806;0.000;0.591
13.400;-15.945;2.492;-47.776;-0.591;-0.012;0.806;-0.007;1.000;0.010;0.806;0.000;0.591
13.502;-15.945;2.492;-47.776;-0.591;-0.012;0.806;-0.007;1.000;0.010;0.806;0.000;0.591
13.603;-15.945;2.492;-47.776;-0.591;-0.012;0.806;-0.007;1.000;0.010;0.806;0.000;0.591
13.704;-15.945;2.490;-47.776;-0.590;-0.012;0.807;-0.007;1.000;0.010;0.808;0.000;0.590
13.805;-15.945;2.490;-47.776;-0.577;-0.015;0.817;-0.009;1.000;0.013;0.817;0.000;0.577
13.909;-15.945;2.490;-47.776;-0.572;-0.018;0.820;-0.010;1.000;0.015;0.820;0.000;0.573
14.010;-15.945;2.490;-47.776;-0.571;-0.018;0.821;-0.010;1.000;0.015;0.821;0.000;0.571
14.114;-15.945;2.490;-47.776;-0.571;-0.018;0.821;-0.010;1.000;0.015;0.821;0.000;0.571
14.216;-15.945;2.490;-47.776;-0.571;-0.018;0.821;-0.010;1.000;0.015;0.821;0.000;0.571
14.318;-15.945;2.490;-47.776;-0.623;-0.040;0.781;-0.025;0.999;0.031;0.782;0.000;0.624
14.421;-15.945;2.490;-47.776;-0.657;-0.051;0.752;-0.033;0.999;0.038;0.753;0.000;0.658
14.521;-15.945;2.490;-47.776;-0.738;-0.055;0.672;-0.041;0.998;0.037;0.673;0.000;0.740
14.621;-15.945;2.490;-47.776;-0.778;-0.063;0.625;-0.049;0.998;0.039;0.626;0.000;0.780
14.721;-15.945;2.489;-47.776;-0.853;-0.091;0.514;-0.078;0.996;0.047;0.516;0.000;0.856
14.824;-15.945;2.489;-47.776;-0.853;-0.091;0.514;-0.078;0.996;0.047;0.516;0.000;0.857
14.924;-15.945;2.489;-47.776;-0.853;-0.091;0.514;-0.078;0.996;0.047;0.516;0.000;0.857
15.024;-15.945;2.488;-47.776;-0.807;-0.084;0.584;-0.068;0.997;0.049;0.586;0.000;0.810
15.125;-15.945;2.488;-47.776;-0.646;-0.027;0.763;-0.018;1.000;0.021;0.763;0.000;0.646
15.227;-15.945;2.488;-47.776;-0.588;-0.022;0.809;-0.013;1.000;0.018;0.809;0.000;0.588
15.328;-15.945;2.488;-47.776;-0.587;-0.022;0.809;-0.013;1.000;0.018;0.809;0.000;0.587
15.432;-15.950;2.488;-47.768;-0.587;-0.022;0.809;-0.013;1.000;0.018;0.809;0.000;0.587
15.533;-16.008;2.488;-47.689;-0.587;-0.022;0.809;-0.013;1.000;0.018;0.809;0.000;0.587
15.634;-16.120;2.488;-47.534;-0.587;-0.022;0.809;-0.013;1.000;0.018;0.809;0.000;0.587
15.735;-16.283;2.488;-47.310;-0.587;-0.022;0.809;-0.013;1.000;0.018;0.809;0.000;0.587
15.839;-16.466;2.485;-47.057;-0.587;-0.022;0.809;-0.013;1.000;0.018;0.809;0.000;0.587
15.942;-16.649;2.485;-46.806;-0.587;-0.022;0.809;-0.013;1.000;0.018;0.809;0.000;0.587
16.044;-16.828;2.485;-46.559;-0.587;-0.022;0.809;-0.013;1.000;0.018;0.809;0.000;0.587
16.146;-17.007;2.485;-46.312;-0.587;-0.022;0.809;-0.013;1.000;0.018;0.809;0.000;0.587
16.246;-17.184;2.485;-46.069;-0.587;-0.022;0.809;-0.013;1.000;0.018;0.809;0.000;0.587
16.348;-17.363;2.485;-45.822;-0.587;-0.022;0.809;-0.013;1.000;0.018;0.809;0.000;0.587
16.451;-17.544;2.485;-45.572;-0.587;-0.022;0.809;-0.013;1.000;0.018;0.809;0.000;0.587
16.551;-17.721;2.485;-45.328;-0.587;-0.022;0.809;-0.013;1.000;0.018;0.809;0.000;0.587
16.654;-17.902;2.485;-45.078;-0.587;-0.022;0.809;-0.013;1.000;0.018;0.809;0.000;0.587
16.758;-18.090;2.482;-44.829;-0.648;-0.031;0.761;-0.020;1.000;0.023;0.762;0.000;0.648
16.858;-18.296;2.482;-44.609;-0.727;-0.037;0.686;-0.027;0.999;0.026;0.686;0.000;0.727
16.959;-18.523;2.482;-44.409;-0.771;-0.044;0.635;-0.034;0.999;0.028;0.636;0.000;0.772
17.061;-18.765;2.482;-44.224;-0.816;-0.048;0.576;-0.039;0.999;0.027;0.576;0.000;0.817
17.164;-19.026;2.482;-44.057;-0.866;-0.051;0.498;-0.044;0.999;0.026;0.499;0.000;0.867
17.266;-19.295;2.482;-43.911;-0.888;-0.061;0.455;-0.054;0.998;0.028;0.456;0.000;0.890
17.369;-19.578;2.480;-43.785;-0.925;-0.088;0.370;-0.082;0.996;0.033;0.371;0.000;0.928
17.473;-19.872;2.480;-43.688;-0.955;-0.104;0.278;-0.100;0.995;0.029;0.280;0.000;0.960
17.575;-20.168;2.480;-43.608;-0.967;-0.110;0.228;-0.107;0.994;0.025;0.229;0.000;0.973
17.678;-20.472;2.480;-43.545;-0.977;-0.111;0.182;-0.109;0.994;0.020;0.183;0.000;0.983
17.780;-20.772;2.480;-43.495;-0.984;-0.112;0.137;-0.111;0.994;0.015;0.138;0.000;0.990
17.882;-21.078;2.480;-43.461;-0.990;-0.113;0.083;-0.113;0.994;0.009;0.083;0.000;0.997
17.984;-21.348;2.480;-43.446;-0.993;-0.118;0.024;-0.118;0.993;0.003;0.024;0.000;1.000
18.086;-21.524;2.480;-43.445;-0.993;-0.119;-0.027;-0.119;0.993;-0.003;-0.027;0.000;1.000
18.188;-21.608;2.480;-43.452;-0.974;-0.129;-0.185;-0.126;0.992;-0.024;-0.186;0.000;0.982
18.292;-21.611;2.480;-43.452;-0.952;-0.129;-0.278;-0.124;0.992;-0.036;-0.280;0.000;0.960
18.399;-21.611;2.480;-43.452;-0.890;-0.144;-0.433;-0.129;0.990;-0.063;-0.438;0.000;0.899
18.499;-21.611;2.480;-43.452;-0.730;-0.150;-0.666;-0.111;0.989;-0.101;-0.674;0.000;0.739
18.600;-21.611;2.480;-43.452;-0.606;-0.142;-0.783;-0.087;0.990;-0.113;-0.791;0.000;0.612
18.700;-21.611;2.480;-43.452;-0.584;-0.138;-0.800;-0.081;0.990;-0.111;-0.808;0.000;0.589
18.801;-21.611;2.480;-43.452;-0.651;-0.128;-0.748;-0.084;0.992;-0.097;-0.754;0.000;0.657
18.904;-21.611;2.480;-43.452;-0.901;-0.100;-0.422;-0.090;0.995;-0.042;-0.425;0.000;0.905
19.006;-21.611;2.480;-43.452;-0.993;-0.102;-0.059;-0.102;0.995;-0.006;-0.059;0.000;0.998
19.107;-21.611;2.480;-43.452;-0.979;-0.114;0.168;-0.112;0.993;0.019;0.169;0.000;0.986
19.210;-21.611;2.480;-43.452;-0.915;-0.116;0.386;-0.107;0.993;0.045;0.388;0.000;0.922
19.312;-21.611;2.480;-43.452;-0.869;-0.114;0.481;-0.100;0.993;0.055;0.484;0.000;0.875
19.413;-21.611;2.480;-43.452;-0.863;-0.114;0.493;-0.099;0.993;0.057;0.496;0.000;0.868
19.514;-21.663;2.480;-43.423;-0.863;-0.114;0.493;-0.099;0.993;0.057;0.496;0.000;0.868
19.616;-21.798;2.480;-43.345;-0.863;-0.114;0.493;-0.099;0.993;0.057;0.496;0.000;0.868
19.719;-22.020;2.480;-43.219;-0.863;-0.114;0.493;-0.099;0.993;0.057;0.496;0.000;0.868
19.821;-22.284;2.480;-43.068;-0.863;-0.114;0.493;-0.099;0.993;0.057;0.496;0.000;0.868
19.921;-22.546;2.480;-42.918;-0.863;-0.114;0.493;-0.099;0.993;0.057;0.496;0.000;0.868
20.024;-22.788;2.480;-42.780;-0.863;-0.114;0.493;-0.099;0.993;0.057;0.496;0.000;0.868
20.125;-23.076;2.478;-42.615;-0.859;-0.113;0.500;-0.098;0.994;0.057;0.503;0.000;0.864
20.227;-23.331;2.478;-42.447;-0.792;-0.112;0.601;-0.089;0.994;0.068;0.604;0.000;0.797
20.330;-23.570;2.478;-42.252;-0.761;-0.110;0.639;-0.085;0.994;0.071;0.643;0.000;0.766
20.430;-23.801;2.475;-42.058;-0.758;-0.110;0.642;-0.084;0.994;0.071;0.646;0.000;0.763
20.534;-24.029;2.475;-41.864;-0.758;-0.108;0.644;-0.082;0.994;0.070;0.648;0.000;0.762
20.636;-24.271;2.475;-41.658;-0.758;-0.108;0.644;-0.082;0.994;0.070;0.648;0.000;0.762
20.739;-24.506;2.474;-41.459;-0.758;-0.108;0.644;-0.082;0.994;0.070;0.648;0.000;0.762
20.839;-24.737;2.474;-41.263;-0.758;-0.108;0.644;-0.082;0.994;0.070;0.648;0.000;0.762
20.942;-24.978;2.474;-41.070;-0.810;-0.099;0.578;-0.081;0.995;0.058;0.581;0.000;0.814
21.044;-25.236;2.474;-40.908;-0.858;-0.097;0.505;-0.083;0.995;0.049;0.507;0.000;0.862
21.146;-25.509;2.472;-40.770;-0.910;-0.091;0.404;-0.083;0.996;0.037;0.405;0.000;0.914
21.248;-25.747;2.472;-40.693;-0.964;-0.092;0.248;-0.089;0.996;0.023;0.249;0.000;0.968
21.348;-25.902;2.470;-40.671;-0.994;-0.095;0.044;-0.095;0.995;0.004;0.045;0.000;0.999
21.450;-25.966;2.470;-40.672;-0.991;-0.092;-0.097;-0.092;0.996;-0.009;-0.097;0.000;0.995
21.552;-25.966;2.470;-40.672;-0.977;-0.090;-0.194;-0.089;0.996;-0.018;-0.195;0.000;0.981
21.654;-25.966;2.470;-40.672;-0.953;-0.095;-0.288;-0.091;0.996;-0.027;-0.289;0.000;0.957
21.755;-25.966;2.470;-40.672;-0.946;-0.099;-0.310;-0.094;0.995;-0.031;-0.311;0.000;0.950
21.856;-25.966;2.470;-40.672;-0.968;-0.103;-0.230;-0.101;0.995;-0.024;-0.232;0.000;0.973
21.957;-25.966;2.470;-40.672;-0.976;-0.103;0.189;-0.101;0.995;0.020;0.190;0.000;0.982
22.059;-25.966;2.470;-40.672;-0.847;-0.100;0.522;-0.086;0.995;0.053;0.525;0.000;0.851
22.159;-25.966;2.470;-40.672;-0.730;-0.087;0.678;-0.064;0.996;0.059;0.680;0.000;0.733
22.261;-25.966;2.470;-40.672;-0.717;-0.085;0.692;-0.061;0.996;0.059;0.694;0.000;0.720
22.361;-26.007;2.470;-40.632;-0.717;-0.085;0.692;-0.061;0.996;0.059;0.694;0.000;0.720
22.462;-26.114;2.470;-40.529;-0.717;-0.085;0.692;-0.061;0.996;0.059;0.694;0.000;0.720
22.563;-26.288;2.470;-40.362;-0.717;-0.085;0.692;-0.061;0.996;0.059;0.694;0.000;0.720
22.665;-26.508;2.470;-40.150;-0.717;-0.085;0.692;-0.061;0.996;0.059;0.694;0.000;0.720
22.767;-26.728;2.470;-39.938;-0.717;-0.085;0.692;-0.061;0.996;0.059;0.695;0.000;0.719
22.874;-26.949;2.470;-39.723;-0.714;-0.084;0.695;-0.060;0.996;0.058;0.697;0.000;0.717
22.977;-27.178;2.470;-39.498;-0.700;-0.083;0.709;-0.058;0.997;0.059;0.712;0.000;0.702
23.077;-27.389;2.470;-39.281;-0.691;-0.081;0.718;-0.056;0.997;0.058;0.721;0.000;0.693
23.180;-27.602;2.470;-39.058;-0.688;-0.081;0.721;-0.056;0.997;0.058;0.724;0.000;0.690
23.282;-27.813;2.470;-38.835;-0.684;-0.081;0.725;-0.055;0.997;0.059;0.727;0.000;0.686
23.384;-28.022;2.470;-38.613;-0.684;-0.081;0.725;-0.055;0.997;0.059;0.728;0.000;0.686
23.487;-28.233;2.470;-38.389;-0.684;-0.081;0.725;-0.055;0.997;0.059;0.728;0.000;0.686
23.591;-28.446;2.470;-38.163;-0.684;-0.081;0.725;-0.055;0.997;0.059;0.728;0.000;0.686
23.692;-28.650;2.470;-37.946;-0.684;-0.081;0.725;-0.055;0.997;0.059;0.728;0.000;0.686
23.793;-28.863;2.470;-37.721;-0.684;-0.081;0.725;-0.055;0.997;0.059;0.728;0.000;0.686
23.894;-29.070;2.470;-37.501;-0.686;-0.076;0.724;-0.052;0.997;0.055;0.726;0.000;0.688
23.997;-29.285;2.470;-37.278;-0.700;-0.066;0.711;-0.046;0.998;0.047;0.713;0.000;0.701
24.097;-29.505;2.470;-37.074;-0.761;-0.054;0.646;-0.041;0.999;0.035;0.647;0.000;0.762
24.198;-29.755;2.470;-36.903;-0.871;-0.048;0.488;-0.042;0.999;0.023;0.489;0.000;0.872
24.299;-30.032;2.470;-36.783;-0.946;-0.045;0.321;-0.043;0.999;0.015;0.322;0.000;0.947
24.401;-30.271;2.470;-36.728;-0.989;-0.048;0.139;-0.048;0.999;0.007;0.140;0.000;0.990
24.501;-30.421;2.470;-36.716;-0.998;-0.057;0.019;-0.057;0.998;0.001;0.019;0.000;1.000
24.603;-30.477;2.470;-36.718;-0.995;-0.062;-0.084;-0.062;0.998;-0.005;-0.084;0.000;0.996
24.704;-30.477;2.470;-36.718;-0.989;-0.062;-0.136;-0.062;0.998;-0.008;-0.137;0.000;0.991
24.807;-30.477;2.470;-36.718;-0.965;-0.063;-0.253;-0.061;0.998;-0.016;-0.253;0.000;0.967
24.907;-30.477;2.470;-36.718;-0.940;-0.065;-0.336;-0.061;0.998;-0.022;-0.336;0.000;0.942
25.008;-30.477;2.470;-36.718;-0.917;-0.065;-0.395;-0.059;0.998;-0.026;-0.396;0.000;0.918
25.108;-30.477;2.470;-36.718;-0.900;-0.065;-0.431;-0.058;0.998;-0.028;-0.432;0.000;0.902
25.212;-30.477;2.469;-36.718;-0.897;-0.063;-0.437;-0.056;0.998;-0.028;-0.438;0.000;0.899
25.312;-30.477;2.469;-36.718;-0.895;-0.061;-0.443;-0.055;0.998;-0.027;-0.443;0.000;0.896
25.413;-30.477;2.469;-36.718;-0.885;-0.066;-0.460;-0.059;0.998;-0.031;-0.461;0.000;0.887
25.514;-30.477;2.469;-36.718;-0.872;-0.070;-0.484;-0.061;0.998;-0.034;-0.485;0.000;0.874
25.615;-30.477;2.469;-36.718;-0.869;-0.069;-0.489;-0.060;0.998;-0.034;-0.490;0.000;0.872
25.716;-30.477;2.469;-36.718;-0.856;-0.074;-0.512;-0.063;0.997;-0.038;-0.513;0.000;0.858
25.819;-30.477;2.469;-36.718;-0.841;-0.076;-0.535;-0.064;0.997;-0.041;-0.537;0.000;0.844
25.921;-30.514;2.469;-36.742;-0.826;-0.076;-0.559;-0.063;0.997;-0.043;-0.560;0.000;0.828
26.021;-30.629;2.469;-36.821;-0.823;-0.073;-0.564;-0.060;0.997;-0.041;-0.565;0.000;0.825
26.124;-30.823;2.469;-36.954;-0.823;-0.068;-0.564;-0.056;0.998;-0.038;-0.565;0.000;0.825
26.225;-31.072;2.469;-37.124;-0.824;-0.065;-0.563;-0.054;0.998;-0.037;-0.564;0.000;0.826
26.325;-31.320;2.469;-37.292;-0.826;-0.115;-0.551;-0.096;0.993;-0.064;-0.555;0.000;0.832
26.426;-31.572;2.469;-37.460;-0.826;-0.115;-0.551;-0.096;0.993;-0.064;-0.555;0.000;0.832
26.528;-31.826;2.469;-37.629;-0.826;-0.115;-0.551;-0.096;0.993;-0.064;-0.555;0.000;0.832
26.631;-32.083;2.469;-37.801;-0.826;-0.115;-0.551;-0.096;0.993;-0.064;-0.555;0.000;0.832
26.733;-32.338;2.469;-37.970;-0.826;-0.115;-0.551;-0.096;0.993;-0.064;-0.555;0.000;0.832
26.835;-32.591;2.469;-38.139;-0.826;-0.115;-0.551;-0.096;0.993;-0.064;-0.555;0.000;0.832
26.936;-32.846;2.469;-38.309;-0.826;-0.115;-0.551;-0.096;0.993;-0.064;-0.555;0.000;0.832
27.038;-33.098;2.469;-38.477;-0.826;-0.115;-0.551;-0.096;0.993;-0.064;-0.555;0.000;0.832
27.139;-33.343;2.469;-38.658;-0.777;-0.088;-0.624;-0.069;0.996;-0.055;-0.626;0.000;0.780
27.240;-33.576;2.469;-38.854;-0.752;-0.083;-0.654;-0.063;0.997;-0.054;-0.656;0.000;0.755
27.341;-33.804;2.469;-39.052;-0.751;-0.083;-0.656;-0.062;0.997;-0.055;-0.658;0.000;0.753
27.442;-34.032;2.469;-39.252;-0.750;-0.082;-0.656;-0.062;0.997;-0.054;-0.659;0.000;0.753
27.545;-34.265;2.469;-39.456;-0.750;-0.082;-0.656;-0.062;0.997;-0.054;-0.659;0.000;0.753
27.647;-34.493;2.467;-39.656;-0.749;-0.082;-0.657;-0.062;0.997;-0.054;-0.659;0.000;0.752
27.753;-34.732;2.467;-39.865;-0.749;-0.082;-0.657;-0.062;0.997;-0.054;-0.659;0.000;0.752
27.855;-34.964;2.467;-40.069;-0.749;-0.082;-0.657;-0.062;0.997;-0.054;-0.659;0.000;0.752
27.958;-35.184;2.467;-40.261;-0.749;-0.082;-0.657;-0.062;0.997;-0.054;-0.659;0.000;0.752
28.060;-35.425;2.467;-40.472;-0.750;-0.082;-0.657;-0.061;0.997;-0.054;-0.659;0.000;0.752
28.160;-35.650;2.467;-40.670;-0.750;-0.082;-0.657;-0.061;0.997;-0.054;-0.659;0.000;0.752
28.262;-35.882;2.467;-40.873;-0.750;-0.082;-0.657;-0.061;0.997;-0.054;-0.659;0.000;0.752
28.364;-36.111;2.467;-41.074;-0.750;-0.082;-0.657;-0.061;0.997;-0.054;-0.659;0.000;0.752
28.465;-36.340;2.467;-41.275;-0.749;-0.082;-0.658;-0.061;0.997;-0.054;-0.660;0.000;0.751
28.568;-36.572;2.467;-41.479;-0.749;-0.082;-0.658;-0.061;0.997;-0.054;-0.660;0.000;0.751
28.672;-36.803;2.467;-41.681;-0.749;-0.082;-0.658;-0.061;0.997;-0.054;-0.660;0.000;0.751
28.775;-37.038;2.467;-41.888;-0.749;-0.082;-0.658;-0.061;0.997;-0.054;-0.660;0.000;0.751
28.876;-37.229;2.467;-42.056;-0.749;-0.082;-0.658;-0.061;0.997;-0.054;-0.660;0.000;0.751
28.976;-37.375;2.467;-42.175;-0.806;-0.101;-0.583;-0.082;0.995;-0.059;-0.586;0.000;0.810
29.077;-37.445;2.467;-42.223;-0.833;-0.105;-0.543;-0.088;0.995;-0.057;-0.546;0.000;0.838
29.178;-37.448;2.467;-42.226;-0.874;-0.107;-0.473;-0.094;0.994;-0.051;-0.476;0.000;0.879
29.279;-37.448;2.467;-42.226;-0.916;-0.109;-0.385;-0.101;0.994;-0.042;-0.387;0.000;0.922
29.379;-37.448;2.467;-42.226;-0.951;-0.109;-0.289;-0.105;0.994;-0.032;-0.291;0.000;0.957
29.481;-37.448;2.466;-42.226;-0.972;-0.110;-0.209;-0.108;0.994;-0.023;-0.211;0.000;0.978
29.582;-37.448;2.466;-42.226;-0.988;-0.115;-0.103;-0.114;0.993;-0.012;-0.104;0.000;0.995
29.683;-37.448;2.464;-42.226;-0.993;-0.109;-0.045;-0.109;0.994;-0.005;-0.045;0.000;0.999
29.785;-37.451;2.464;-42.226;-0.993;-0.109;-0.045;-0.109;0.994;-0.005;-0.045;0.000;0.999
29.886;-37.528;2.464;-42.229;-0.993;-0.109;-0.045;-0.109;0.994;-0.005;-0.045;0.000;0.999
29.989;-37.704;2.464;-42.237;-0.993;-0.109;-0.037;-0.109;0.994;-0.004;-0.037;0.000;0.999
30.091;-37.971;2.464;-42.245;-0.994;-0.111;-0.024;-0.111;0.994;-0.003;-0.024;0.000;1.000
30.193;-38.278;2.463;-42.242;-0.993;-0.110;0.038;-0.110;0.994;0.004;0.038;0.000;0.999
30.296;-38.586;2.463;-42.222;-0.991;-0.113;0.073;-0.113;0.994;0.008;0.073;0.000;0.997
30.399;-38.895;2.463;-42.196;-0.988;-0.112;0.103;-0.111;0.994;0.012;0.104;0.000;0.995
30.501;-39.149;2.463;-42.150;-0.988;-0.112;0.105;-0.111;0.994;0.012;0.106;0.000;0.994
30.603;-39.219;2.463;-42.008;-0.986;-0.113;0.126;-0.112;0.994;0.014;0.126;0.000;0.992
30.703;-39.379;2.463;-41.841;-0.986;-0.113;0.126;-0.112;0.994;0.014;0.126;0.000;0.992
30.805;-39.566;2.463;-41.675;-0.986;-0.113;0.126;-0.112;0.994;0.014;0.126;0.000;0.992
30.906;-39.851;2.463;-41.598;-0.986;-0.113;0.119;-0.112;0.994;0.014;0.120;0.000;0.993
31.006;-40.149;2.463;-41.564;-0.988;-0.113;0.107;-0.113;0.994;0.012;0.107;0.000;0.994
31.108;-40.452;2.463;-41.536;-0.991;-0.113;0.077;-0.112;0.994;0.009;0.078;0.000;0.997
31.214;-40.760;2.463;-41.515;-0.992;-0.112;0.060;-0.112;0.994;0.007;0.061;0.000;0.998
31.317;-41.079;2.463;-41.497;-0.992;-0.112;0.056;-0.112;0.994;0.006;0.057;0.000;0.998
31.419;-41.384;2.463;-41.480;-0.992;-0.112;0.056;-0.112;0.994;0.006;0.057;0.000;0.998
31.520;-41.686;2.463;-41.462;-0.992;-0.112;0.056;-0.112;0.994;0.006;0.057;0.000;0.998
31.621;-41.950;2.469;-41.450;-0.992;-0.112;0.056;-0.112;0.994;0.006;0.057;0.000;0.998
31.722;-41.968;2.522;-41.477;-0.992;-0.112;0.056;-0.112;0.994;0.006;0.057;0.000;0.998
31.822;-41.990;2.507;-41.513;-0.992;-0.112;0.056;-0.112;0.994;0.006;0.057;0.000;0.998
31.924;-42.018;2.514;-41.561;-0.992;-0.112;0.056;-0.112;0.994;0.006;0.057;0.000;0.998
32.025;-42.053;2.523;-41.625;-0.992;-0.112;0.056;-0.112;0.994;0.006;0.057;0.000;0.998
32.127;-42.302;3.707;-41.626;-0.992;-0.112;0.056;-0.112;0.994;0.006;0.057;0.000;0.998
32.229;-42.522;3.891;-41.613;-0.992;-0.112;0.056;-0.112;0.994;0.006;0.057;0.000;0.998
32.330;-42.649;3.956;-41.606;-0.992;-0.113;0.052;-0.113;0.994;0.006;0.052;0.000;0.999
32.433;-42.679;3.968;-41.604;-0.992;-0.113;0.052;-0.113;0.994;0.006;0.052;0.000;0.999
32.534;-42.679;3.968;-41.604;-0.992;-0.113;0.052;-0.113;0.994;0.006;0.052;0.000;0.999
32.634;-42.679;3.968;-41.604;-0.992;-0.115;0.049;-0.115;0.993;0.006;0.049;0.000;0.999
32.736;-42.679;3.968;-41.604;-0.988;-0.155;0.021;-0.155;0.988;0.003;0.022;0.000;1.000
32.837;-42.679;3.968;-41.604;-0.982;-0.187;-0.005;-0.187;0.982;-0.001;-0.005;0.000;1.000
32.940;-42.679;3.968;-41.604;-0.978;-0.203;-0.045;-0.202;0.979;-0.009;-0.046;0.000;0.999
33.042;-42.679;3.968;-41.604;-0.976;-0.210;-0.060;-0.210;0.978;-0.013;-0.061;0.000;0.998
33.145;-42.679;3.968;-41.604;-0.967;-0.246;-0.068;-0.245;0.969;-0.017;-0.070;0.000;0.998
33.246;-42.679;3.968;-41.604;-0.951;-0.304;-0.061;-0.303;0.953;-0.019;-0.064;0.000;0.998
33.347;-42.679;3.968;-41.604;-0.924;-0.381;-0.017;-0.381;0.925;-0.007;-0.019;0.000;1.000
33.452;-42.679;3.968;-41.604;-0.892;-0.450;0.036;-0.450;0.893;0.018;0.040;0.000;0.999
33.553;-42.679;3.968;-41.604;-0.892;-0.450;0.036;-0.450;0.893;0.018;0.040;0.000;0.999
33.656;-42.679;3.968;-41.604;-0.894;-0.446;0.033;-0.446;0.895;0.017;0.037;0.000;0.999
33.758;-42.743;3.989;-41.602;-0.914;-0.404;0.028;-0.404;0.915;0.012;0.030;0.000;1.000
33.859;-42.901;4.021;-41.598;-0.940;-0.340;0.022;-0.340;0.940;0.008;0.023;0.000;1.000
33.961;-43.155;4.017;-41.592;-0.942;-0.336;0.022;-0.336;0.942;0.008;0.023;0.000;1.000
34.062;-43.456;3.918;-41.585;-0.943;-0.332;0.024;-0.332;0.943;0.008;0.025;0.000;1.000
34.164;-43.761;3.674;-41.557;-0.920;-0.336;0.200;-0.329;0.942;0.071;0.212;0.000;0.977
34.265;-44.035;2.714;-41.438;-0.768;-0.344;0.541;-0.281;0.939;0.198;0.576;0.000;0.817
34.365;-44.224;2.459;-41.204;-0.508;-0.346;0.789;-0.187;0.938;0.291;0.841;0.000;0.542
34.466;-44.343;2.459;-40.975;-0.366;-0.330;0.870;-0.128;0.944;0.304;0.922;0.000;0.387
34.569;-44.383;2.459;-40.810;-0.144;-0.340;0.929;-0.052;0.941;0.336;0.988;0.000;0.154
34.671;-44.391;2.459;-40.737;-0.065;-0.314;0.947;-0.022;0.950;0.313;0.998;0.000;0.069
34.774;-44.391;2.459;-40.736;0.362;-0.290;0.886;0.109;0.957;0.268;0.926;0.000;-0.378
34.880;-44.391;2.459;-40.736;0.542;-0.250;0.802;0.140;0.968;0.207;0.829;0.000;-0.560
34.980;-44.391;2.459;-40.736;0.517;-0.238;0.822;0.127;0.971;0.202;0.847;0.000;-0.532
35.083;-44.391;2.459;-40.736;0.517;-0.238;0.822;0.127;0.971;0.202;0.847;0.000;-0.532
35.186;-44.391;2.459;-40.736;0.517;-0.238;0.822;0.127;0.971;0.202;0.847;0.000;-0.532
35.288;-44.391;2.459;-40.736;0.517;-0.238;0.822;0.127;0.971;0.202;0.847;0.000;-0.532
35.389;-44.391;2.459;-40.736;0.517;-0.238;0.822;0.127;0.971;0.202;0.847;0.000;-0.532
35.491;-44.391;2.458;-40.736;0.554;-0.276;0.785;0.159;0.961;0.226;0.817;0.000;-0.577
35.594;-44.391;2.458;-40.736;0.655;-0.382;0.653;0.270;0.924;0.269;0.706;0.000;-0.708
35.694;-44.391;2.453;-40.736;0.762;-0.496;0.415;0.436;0.868;0.237;0.478;0.000;-0.878
35.804;-44.391;2.453;-40.736;0.839;-0.501;0.211;0.486;0.865;0.122;0.244;0.000;-0.970
35.906;-44.391;2.451;-40.736;0.865;-0.498;-0.064;0.496;0.867;-0.037;-0.074;0.000;-0.997
36.009;-44.391;2.451;-40.736;0.864;-0.496;-0.089;0.493;0.868;-0.051;-0.103;0.000;-0.995
36.111;-44.391;2.449;-40.736;0.858;-0.496;-0.134;0.490;0.868;-0.076;-0.154;0.000;-0.988
36.211;-44.391;2.449;-40.736;0.858;-0.496;-0.134;0.490;0.868;-0.076;-0.154;0.000;-0.988
36.314;-44.381;2.449;-40.738;0.858;-0.496;-0.134;0.490;0.868;-0.076;-0.154;0.000;-0.988
36.416;-44.282;2.449;-40.753;0.858;-0.495;-0.134;0.489;0.869;-0.076;-0.154;0.000;-0.988
36.520;-44.087;2.449;-40.784;0.858;-0.495;-0.134;0.489;0.869;-0.076;-0.154;0.000;-0.988
36.622;-43.911;2.470;-40.764;0.858;-0.495;-0.134;0.489;0.869;-0.076;-0.154;0.000;-0.988
36.724;-43.818;2.516;-40.658;0.858;-0.495;-0.134;0.489;0.869;-0.076;-0.154;0.000;-0.988
36.825;-43.680;2.511;-40.540;0.858;-0.495;-0.137;0.489;0.869;-0.078;-0.158;0.000;-0.987
36.927;-43.487;2.510;-40.426;0.857;-0.496;-0.140;0.489;0.868;-0.080;-0.161;0.000;-0.987
37.030;-43.203;3.511;-40.433;0.845;-0.505;-0.174;0.495;0.863;-0.102;-0.201;0.000;-0.980
37.131;-42.912;3.674;-40.516;0.814;-0.511;-0.277;0.484;0.860;-0.165;-0.322;0.000;-0.947
37.232;-42.634;3.710;-40.635;0.779;-0.520;-0.351;0.474;0.854;-0.214;-0.411;0.000;-0.912
37.333;-42.411;3.637;-40.736;0.771;-0.527;-0.358;0.478;0.850;-0.222;-0.421;0.000;-0.907
37.434;-42.275;3.535;-40.806;0.716;-0.545;-0.437;0.465;0.839;-0.284;-0.521;0.000;-0.854
37.535;-42.225;3.487;-40.839;0.682;-0.547;-0.486;0.445;0.837;-0.317;-0.580;0.000;-0.815
37.639;-42.225;3.487;-40.839;0.641;-0.551;-0.534;0.423;0.835;-0.353;-0.640;0.000;-0.768
37.741;-42.225;3.487;-40.839;0.706;-0.482;-0.519;0.388;0.876;-0.286;-0.593;0.000;-0.805
37.843;-42.225;3.487;-40.839;0.721;-0.482;-0.498;0.397;0.876;-0.274;-0.568;0.000;-0.823
37.947;-42.225;3.487;-40.839;0.721;-0.482;-0.498;0.397;0.876;-0.274;-0.568;0.000;-0.823
38.050;-42.225;3.487;-40.839;0.721;-0.482;-0.498;0.397;0.876;-0.274;-0.568;0.000;-0.823
38.150;-42.225;3.487;-40.839;0.664;-0.480;-0.573;0.364;0.877;-0.314;-0.653;0.000;-0.757
38.255;-42.225;3.487;-40.839;0.525;-0.537;-0.660;0.335;0.843;-0.420;-0.782;0.000;-0.623
38.358;-42.225;3.487;-40.839;0.430;-0.566;-0.703;0.296;0.824;-0.483;-0.853;0.000;-0.522
38.460;-42.225;3.487;-40.839;0.184;-0.568;-0.803;0.127;0.823;-0.553;-0.975;0.000;-0.224
38.560;-42.225;3.487;-40.839;-0.338;-0.540;-0.771;-0.217;0.842;-0.494;-0.916;0.000;0.402
38.661;-42.225;3.487;-40.839;-0.463;-0.550;-0.695;-0.305;0.835;-0.458;-0.832;0.000;0.554
38.762;-42.225;3.487;-40.839;-0.612;-0.576;-0.541;-0.432;0.817;-0.382;-0.663;0.000;0.749
38.863;-42.225;3.487;-40.839;-0.689;-0.578;-0.437;-0.488;0.816;-0.310;-0.536;0.000;0.844
38.963;-42.225;3.487;-40.839;-0.706;-0.581;-0.405;-0.504;0.814;-0.289;-0.497;0.000;0.868
39.065;-42.225;3.487;-40.839;-0.692;-0.599;-0.403;-0.518;0.801;-0.302;-0.504;0.000;0.864
39.167;-42.225;3.487;-40.839;-0.545;-0.709;-0.447;-0.548;0.705;-0.450;-0.634;0.000;0.773
39.269;-42.225;3.487;-40.839;-0.544;-0.710;-0.447;-0.549;0.704;-0.451;-0.635;0.000;0.772
39.372;-42.225;3.487;-40.839;-0.544;-0.710;-0.447;-0.549;0.704;-0.451;-0.635;0.000;0.772
39.474;-42.225;3.487;-40.839;-0.543;-0.710;-0.448;-0.548;0.704;-0.452;-0.637;0.000;0.771
39.574;-42.225;3.487;-40.839;-0.543;-0.709;-0.449;-0.546;0.705;-0.452;-0.638;0.000;0.770
39.676;-42.225;3.487;-40.839;-0.542;-0.709;-0.450;-0.546;0.705;-0.453;-0.639;0.000;0.769
39.776;-42.225;3.487;-40.839;-0.542;-0.709;-0.450;-0.546;0.705;-0.453;-0.639;0.000;0.769
39.877;-42.225;3.487;-40.839;-0.542;-0.709;-0.451;-0.545;0.705;-0.454;-0.640;0.000;0.769
39.978;-42.180;3.322;-40.801;-0.540;-0.708;-0.454;-0.542;0.706;-0.456;-0.643;0.000;0.766
40.080;-42.061;2.339;-40.701;-0.541;-0.707;-0.455;-0.541;0.707;-0.455;-0.644;0.000;0.765
40.180;-41.873;2.339;-40.543;-0.541;-0.707;-0.455;-0.541;0.707;-0.455;-0.644;0.000;0.765
40.281;-41.646;2.339;-40.351;-0.540;-0.707;-0.457;-0.540;0.707;-0.457;-0.646;0.000;0.763
40.382;-41.470;2.339;-40.202;-0.539;-0.707;-0.457;-0.539;0.707;-0.457;-0.647;0.000;0.763
40.484;-41.364;2.339;-40.112;-0.538;-0.707;-0.459;-0.538;0.707;-0.459;-0.650;0.000;0.760
40.588;-41.335;2.338;-40.087;-0.537;-0.707;-0.460;-0.537;0.707;-0.460;-0.650;0.000;0.760
40.691;-41.335;2.338;-40.087;-0.537;-0.707;-0.460;-0.537;0.707;-0.460;-0.650;0.000;0.760
40.792;-41.361;2.338;-40.110;-0.536;-0.708;-0.460;-0.537;0.706;-0.461;-0.652;0.000;0.759
40.893;-41.464;2.338;-40.198;-0.535;-0.708;-0.461;-0.536;0.706;-0.462;-0.653;0.000;0.758
40.994;-41.634;2.338;-40.345;-0.535;-0.708;-0.461;-0.536;0.706;-0.462;-0.653;0.000;0.758
41.095;-41.860;2.338;-40.539;-0.535;-0.708;-0.461;-0.536;0.706;-0.462;-0.653;0.000;0.758
41.196;-42.089;2.338;-40.736;-0.535;-0.708;-0.461;-0.536;0.706;-0.462;-0.653;0.000;0.758
41.297;-42.062;2.354;-40.787;-0.535;-0.708;-0.461;-0.536;0.706;-0.462;-0.653;0.000;0.758
41.397;-42.030;2.376;-40.858;-0.535;-0.708;-0.461;-0.536;0.706;-0.462;-0.653;0.000;0.757
41.500;-41.996;2.404;-40.957;-0.535;-0.708;-0.461;-0.536;0.706;-0.462;-0.653;0.000;0.757
41.601;-41.968;2.439;-41.092;-0.535;-0.708;-0.461;-0.536;0.706;-0.462;-0.653;0.000;0.757
41.701;-41.962;2.479;-41.268;-0.535;-0.708;-0.461;-0.536;0.706;-0.462;-0.653;0.000;0.757
41.802;-41.998;2.512;-41.489;-0.546;-0.708;-0.449;-0.547;0.706;-0.450;-0.635;0.000;0.772
41.905;-42.084;2.505;-41.711;-0.627;-0.705;-0.331;-0.623;0.709;-0.329;-0.467;0.000;0.884
42.007;-42.314;3.527;-41.868;-0.648;-0.705;-0.288;-0.644;0.709;-0.287;-0.407;0.000;0.914
42.108;-42.592;3.677;-41.987;-0.654;-0.704;-0.279;-0.647;0.710;-0.276;-0.392;0.000;0.920
42.209;-42.871;3.657;-42.107;-0.654;-0.704;-0.279;-0.647;0.710;-0.276;-0.392;0.000;0.920
42.309;-43.148;3.443;-42.224;-0.654;-0.704;-0.279;-0.647;0.710;-0.276;-0.392;0.000;0.920
42.410;-43.424;3.008;-42.342;-0.654;-0.704;-0.279;-0.647;0.710;-0.276;-0.392;0.000;0.920
42.511;-43.704;2.486;-42.463;-0.640;-0.714;-0.284;-0.653;0.700;-0.290;-0.405;0.000;0.914
42.612;-43.979;2.486;-42.590;-0.627;-0.720;-0.298;-0.650;0.694;-0.309;-0.429;0.000;0.903
42.713;-44.252;2.486;-42.723;-0.617;-0.721;-0.315;-0.642;0.693;-0.328;-0.455;0.000;0.891
42.821;-44.464;2.486;-42.839;-0.591;-0.725;-0.354;-0.622;0.689;-0.373;-0.514;0.000;0.858
42.923;-44.600;2.485;-42.944;-0.478;-0.739;-0.475;-0.524;0.673;-0.521;-0.705;0.000;0.709
43.024;-44.634;2.485;-42.987;-0.315;-0.749;-0.583;-0.356;0.663;-0.659;-0.880;0.000;0.475
43.125;-44.634;2.485;-42.987;-0.166;-0.754;-0.635;-0.191;0.656;-0.730;-0.967;0.000;0.253
43.225;-44.634;2.485;-42.987;0.009;-0.756;-0.655;0.010;0.655;-0.756;-1.000;0.000;-0.013
43.326;-44.634;2.485;-42.987;0.161;-0.747;-0.645;0.181;0.665;-0.724;-0.970;0.000;-0.243
43.429;-44.634;2.485;-42.987;0.304;-0.706;-0.640;0.303;0.709;-0.637;-0.903;0.000;-0.430
43.530;-44.634;2.485;-42.987;0.482;-0.661;-0.575;0.425;0.750;-0.507;-0.766;0.000;-0.643
43.632;-44.634;2.485;-42.987;0.567;-0.632;-0.529;0.462;0.775;-0.431;-0.683;0.000;-0.731
43.732;-44.634;2.485;-42.987;0.617;-0.609;-0.498;0.474;0.793;-0.383;-0.628;0.000;-0.778
43.833;-44.634;2.485;-42.987;0.680;-0.556;-0.477;0.455;0.831;-0.320;-0.575;0.000;-0.818
43.937;-44.634;2.485;-42.987;0.800;-0.466;-0.379;0.421;0.885;-0.200;-0.428;0.000;-0.904
44.037;-44.634;2.485;-42.987;0.829;-0.443;-0.340;0.410;0.897;-0.168;-0.380;0.000;-0.925
44.139;-44.634;2.485;-42.987;0.821;-0.368;-0.437;0.324;0.930;-0.173;-0.470;0.000;-0.883
44.242;-44.634;2.485;-42.987;0.492;-0.169;-0.854;0.085;0.986;-0.147;-0.866;0.000;-0.499
44.343;-44.637;2.485;-42.981;0.480;-0.167;-0.861;0.082;0.986;-0.146;-0.873;0.000;-0.487
44.446;-44.684;2.485;-42.899;0.493;-0.172;-0.853;0.086;0.985;-0.148;-0.865;0.000;-0.501
44.548;-44.781;2.485;-42.738;0.525;-0.189;-0.830;0.101;0.982;-0.160;-0.845;0.000;-0.534
44.649;-44.936;2.485;-42.512;0.561;-0.246;-0.790;0.142;0.969;-0.201;-0.816;0.000;-0.579
44.753;-45.119;2.485;-42.259;0.569;-0.267;-0.778;0.158;0.964;-0.216;-0.807;0.000;-0.590
44.854;-45.297;2.485;-42.015;0.570;-0.270;-0.776;0.159;0.963;-0.217;-0.806;0.000;-0.591
44.954;-45.476;2.485;-41.772;0.571;-0.270;-0.776;0.160;0.963;-0.217;-0.806;0.000;-0.592
45.058;-45.661;2.485;-41.523;0.578;-0.271;-0.770;0.162;0.963;-0.216;-0.800;0.000;-0.601
45.160;-45.710;2.485;-41.413;0.579;-0.271;-0.769;0.163;0.963;-0.216;-0.799;0.000;-0.601
45.261;-45.681;2.485;-41.383;0.580;-0.271;-0.768;0.163;0.963;-0.216;-0.798;0.000;-0.603
45.369;-45.652;2.485;-41.355;0.596;-0.271;-0.756;0.167;0.963;-0.212;-0.785;0.000;-0.619
45.473;-45.627;2.485;-41.330;0.596;-0.271;-0.756;0.167;0.963;-0.212;-0.785;0.000;-0.619
45.575;-45.611;2.485;-41.314;0.587;-0.276;-0.761;0.169;0.961;-0.219;-0.792;0.000;-0.611
45.683;-45.607;2.485;-41.305;0.416;-0.309;-0.855;0.135;0.951;-0.278;-0.899;0.000;-0.437
45.784;-45.606;2.485;-41.300;0.326;-0.317;-0.891;0.109;0.948;-0.298;-0.939;0.000;-0.344
45.887;-45.606;2.485;-41.300;0.337;-0.326;-0.883;0.116;0.945;-0.304;-0.934;0.000;-0.356
45.987;-45.564;2.485;-41.283;0.377;-0.334;-0.864;0.133;0.943;-0.306;-0.917;0.000;-0.400
46.088;-45.439;2.481;-41.221;0.431;-0.338;-0.836;0.155;0.941;-0.301;-0.889;0.000;-0.458
46.190;-45.232;2.480;-41.113;0.441;-0.338;-0.831;0.159;0.941;-0.299;-0.883;0.000;-0.469
46.299;-44.968;2.480;-40.971;0.450;-0.339;-0.826;0.162;0.941;-0.298;-0.878;0.000;-0.479
46.402;-44.679;2.478;-40.809;0.462;-0.340;-0.819;0.167;0.940;-0.296;-0.871;0.000;-0.491
46.502;-44.417;2.478;-40.661;0.462;-0.340;-0.819;0.167;0.940;-0.296;-0.871;0.000;-0.491
46.604;-44.150;2.478;-40.511;0.466;-0.340;-0.817;0.168;0.940;-0.295;-0.869;0.000;-0.495
46.706;-43.884;2.478;-40.359;0.466;-0.340;-0.817;0.168;0.940;-0.295;-0.869;0.000;-0.495
46.808;-43.668;2.475;-40.236;0.466;-0.340;-0.817;0.168;0.940;-0.295;-0.869;0.000;-0.495
46.911;-43.532;2.475;-40.158;0.466;-0.340;-0.817;0.168;0.940;-0.295;-0.869;0.000;-0.495
47.013;-43.478;2.475;-40.128;0.466;-0.340;-0.817;0.168;0.940;-0.295;-0.869;0.000;-0.495
47.114;-43.478;2.475;-40.128;0.466;-0.340;-0.817;0.168;0.940;-0.295;-0.869;0.000;-0.495
47.215;-43.478;2.475;-40.128;0.465;-0.344;-0.816;0.170;0.939;-0.299;-0.869;0.000;-0.495
47.319;-43.478;2.475;-40.128;0.465;-0.344;-0.816;0.170;0.939;-0.299;-0.869;0.000;-0.495
47.419;-43.478;2.475;-40.128;0.465;-0.344;-0.816;0.170;0.939;-0.299;-0.869;0.000;-0.495
47.522;-43.478;2.475;-40.128;0.465;-0.344;-0.816;0.170;0.939;-0.299;-0.869;0.000;-0.495
47.623;-43.478;2.475;-40.129;0.465;-0.344;-0.816;0.170;0.939;-0.299;-0.869;0.000;-0.495
47.723;-43.443;2.475;-40.189;0.465;-0.344;-0.816;0.170;0.939;-0.299;-0.869;0.000;-0.495
47.825;-43.369;2.479;-40.312;0.465;-0.344;-0.816;0.170;0.939;-0.299;-0.869;0.000;-0.495
47.926;-43.316;2.517;-40.306;0.465;-0.344;-0.816;0.170;0.939;-0.299;-0.869;0.000;-0.495
48.029;-43.233;2.515;-40.300;0.465;-0.344;-0.816;0.170;0.939;-0.299;-0.869;0.000;-0.495
48.133;-43.122;2.511;-40.298;0.465;-0.344;-0.816;0.170;0.939;-0.299;-0.869;0.000;-0.495
48.234;-42.981;2.501;-40.307;0.465;-0.344;-0.816;0.170;0.939;-0.299;-0.869;0.000;-0.495
48.336;-42.832;3.686;-40.539;0.461;-0.348;-0.817;0.171;0.938;-0.303;-0.871;0.000;-0.491
48.438;-42.697;3.887;-40.820;0.294;-0.391;-0.872;0.125;0.920;-0.371;-0.948;0.000;-0.319
48.541;-42.648;3.986;-41.125;0.087;-0.392;-0.916;0.037;0.920;-0.390;-0.996;0.000;-0.094
48.643;-42.619;3.984;-41.431;0.087;-0.395;-0.915;0.037;0.919;-0.393;-0.996;0.000;-0.094
