1.418;-25.700;2.005;-22.900;-0.053;0.000;0.999;0.000;1.000;0.000;0.999;0.000;0.053
1.546;-25.700;2.005;-22.900;-0.053;0.000;0.999;0.000;1.000;0.000;0.999;0.000;0.053
1.677;-25.700;2.005;-22.900;-0.053;0.000;0.999;0.000;1.000;0.000;0.999;0.000;0.053
1.807;-25.700;2.005;-22.900;-0.055;-0.004;0.998;0.000;1.000;0.004;0.999;0.000;0.055
1.936;-25.700;2.005;-22.900;-0.104;-0.089;0.991;-0.009;0.996;0.089;0.995;0.000;0.105
2.066;-25.700;2.005;-22.900;-0.369;-0.156;0.916;-0.058;0.988;0.145;0.928;0.000;0.373
2.199;-25.700;2.005;-22.900;-0.722;-0.193;0.665;-0.142;0.981;0.130;0.677;0.000;0.736
2.329;-25.700;2.005;-22.900;-0.791;-0.206;0.576;-0.167;0.978;0.122;0.589;0.000;0.808
2.460;-25.700;2.005;-22.900;-0.867;-0.187;0.462;-0.165;0.982;0.088;0.470;0.000;0.883
2.590;-25.700;2.005;-22.900;-0.907;-0.138;0.397;-0.127;0.990;0.056;0.401;0.000;0.916
2.718;-25.700;2.005;-22.900;-0.913;-0.128;0.387;-0.118;0.992;0.050;0.390;0.000;0.921
2.847;-25.722;2.080;-22.891;-0.913;-0.128;0.387;-0.117;0.992;0.050;0.391;0.000;0.921
2.977;-25.971;2.080;-22.768;-0.868;-0.128;0.479;-0.112;0.992;0.062;0.483;0.000;0.875
3.106;-26.474;2.080;-22.479;-0.858;-0.129;0.496;-0.112;0.992;0.065;0.501;0.000;0.866
3.243;-27.180;2.080;-22.070;-0.858;-0.129;0.496;-0.112;0.992;0.065;0.501;0.000;0.866
3.371;-27.849;2.080;-21.689;-0.870;-0.129;0.477;-0.113;0.992;0.062;0.481;0.000;0.877
3.500;-28.540;2.080;-21.338;-0.894;-0.127;0.430;-0.115;0.992;0.055;0.433;0.000;0.901
3.630;-29.249;2.080;-21.013;-0.910;-0.118;0.396;-0.108;0.993;0.047;0.399;0.000;0.917
3.761;-29.979;2.080;-20.723;-0.936;-0.111;0.334;-0.104;0.994;0.037;0.336;0.000;0.942
3.890;-30.722;2.080;-20.498;-0.966;-0.104;0.237;-0.101;0.995;0.025;0.239;0.000;0.971
4.021;-31.493;2.080;-20.352;-0.985;-0.104;0.138;-0.103;0.995;0.014;0.139;0.000;0.990
4.152;-32.274;2.080;-20.282;-0.993;-0.104;0.054;-0.104;0.995;0.006;0.054;0.000;0.999
4.283;-33.057;2.080;-20.259;-0.994;-0.105;0.005;-0.105;0.994;0.001;0.005;0.000;1.000
4.413;-33.839;2.080;-20.271;-0.994;-0.101;-0.032;-0.101;0.995;-0.003;-0.032;0.000;0.999
4.544;-34.378;2.080;-20.518;-0.994;-0.094;-0.047;-0.094;0.996;-0.004;-0.047;0.000;0.999
4.675;-35.148;2.080;-20.596;-0.993;-0.091;-0.070;-0.091;0.996;-0.006;-0.070;0.000;0.998
4.805;-35.847;2.080;-20.667;-0.986;-0.092;-0.141;-0.091;0.996;-0.013;-0.142;0.000;0.990
4.936;-36.219;2.080;-20.783;-0.967;-0.093;-0.239;-0.091;0.996;-0.022;-0.240;0.000;0.971
5.066;-36.283;2.080;-20.843;-0.954;-0.088;-0.287;-0.085;0.996;-0.026;-0.288;0.000;0.957
5.196;-36.283;2.080;-20.843;-0.954;-0.080;-0.288;-0.077;0.997;-0.023;-0.289;0.000;0.957
5.325;-36.283;2.080;-20.843;-0.943;-0.042;-0.329;-0.040;0.999;-0.014;-0.329;0.000;0.944
5.455;-36.285;2.080;-20.844;-0.937;-0.036;-0.348;-0.034;0.999;-0.013;-0.348;0.000;0.938
5.584;-36.418;2.080;-20.972;-0.937;-0.035;-0.349;-0.033;0.999;-0.012;-0.349;0.000;0.937
5.718;-36.742;2.080;-21.298;-0.937;-0.035;-0.349;-0.033;0.999;-0.012;-0.349;0.000;0.937
5.848;-37.241;2.080;-21.802;-0.937;-0.035;-0.349;-0.033;0.999;-0.012;-0.349;0.000;0.937
5.977;-37.737;2.080;-22.301;-0.937;-0.035;-0.349;-0.033;0.999;-0.012;-0.349;0.000;0.937
6.107;-38.324;2.080;-22.725;-0.940;-0.041;-0.339;-0.038;0.999;-0.014;-0.339;0.000;0.941
6.235;-38.939;2.080;-22.935;-0.949;-0.050;-0.311;-0.047;0.999;-0.015;-0.312;0.000;0.950
6.364;-39.280;2.080;-23.040;-0.958;-0.055;-0.282;-0.053;0.998;-0.016;-0.283;0.000;0.959
6.498;-39.348;2.080;-23.060;-0.951;-0.057;-0.305;-0.055;0.998;-0.018;-0.305;0.000;0.952
6.628;-39.348;2.080;-23.060;-0.927;-0.055;-0.370;-0.051;0.998;-0.020;-0.371;0.000;0.929
6.757;-39.348;2.080;-23.060;-0.912;-0.052;-0.407;-0.047;0.999;-0.021;-0.407;0.000;0.913
6.886;-39.348;2.080;-23.060;-0.912;-0.052;-0.407;-0.047;0.999;-0.021;-0.407;0.000;0.913
7.016;-39.348;2.080;-23.060;-0.912;-0.052;-0.407;-0.047;0.999;-0.021;-0.407;0.000;0.913
7.146;-39.348;2.080;-23.060;-0.912;-0.052;-0.407;-0.047;0.999;-0.021;-0.407;0.000;0.913
7.274;-39.348;2.080;-23.060;-0.912;-0.052;-0.407;-0.047;0.999;-0.021;-0.407;0.000;0.913
7.405;-39.348;2.080;-23.060;-0.916;-0.047;-0.397;-0.043;0.999;-0.019;-0.398;0.000;0.917
7.536;-39.348;2.080;-23.060;-0.920;-0.047;-0.390;-0.043;0.999;-0.018;-0.390;0.000;0.921
7.664;-39.349;2.080;-23.061;-0.917;-0.063;-0.394;-0.058;0.998;-0.025;-0.394;0.000;0.919
7.796;-39.512;2.080;-23.144;-0.862;-0.157;-0.482;-0.137;0.988;-0.077;-0.488;0.000;0.873
7.926;-39.925;2.080;-23.401;-0.803;-0.181;-0.568;-0.148;0.983;-0.105;-0.578;0.000;0.816
8.056;-40.462;2.080;-23.915;-0.619;-0.199;-0.760;-0.126;0.980;-0.154;-0.775;0.000;0.632
8.186;-40.872;2.080;-24.578;-0.429;-0.210;-0.879;-0.092;0.978;-0.189;-0.899;0.000;0.439
8.316;-41.165;2.080;-25.293;-0.334;-0.214;-0.918;-0.073;0.977;-0.201;-0.940;0.000;0.342
8.444;-40.989;2.080;-25.613;-0.267;-0.205;-0.942;-0.056;0.979;-0.197;-0.962;0.000;0.273
8.575;-40.807;2.080;-25.800;-0.288;-0.198;-0.937;-0.058;0.980;-0.189;-0.956;0.000;0.293
8.704;-40.733;2.080;-25.929;-0.288;-0.201;-0.936;-0.059;0.980;-0.192;-0.956;0.000;0.294
8.833;-40.732;2.080;-25.932;-0.187;-0.202;-0.961;-0.039;0.979;-0.198;-0.982;0.000;0.191
8.962;-40.732;2.080;-25.932;-0.186;-0.202;-0.962;-0.038;0.979;-0.198;-0.982;0.000;0.189
9.091;-40.732;2.080;-25.932;-0.186;-0.202;-0.962;-0.038;0.979;-0.198;-0.982;0.000;0.189
9.221;-40.732;2.080;-25.932;-0.186;-0.202;-0.962;-0.038;0.979;-0.198;-0.982;0.000;0.189
9.351;-40.732;2.080;-25.932;-0.186;-0.202;-0.962;-0.038;0.979;-0.198;-0.982;0.000;0.189
9.480;-40.732;2.080;-25.932;-0.185;-0.203;-0.962;-0.038;0.979;-0.199;-0.982;0.000;0.189
9.608;-40.730;2.080;-25.921;-0.185;-0.203;-0.962;-0.038;0.979;-0.199;-0.982;0.000;0.189
9.740;-40.683;2.080;-25.680;-0.185;-0.203;-0.962;-0.038;0.979;-0.199;-0.982;0.000;0.189
9.871;-40.579;2.080;-25.136;-0.185;-0.203;-0.962;-0.038;0.979;-0.199;-0.982;0.000;0.189
10.003;-40.432;2.080;-24.372;-0.185;-0.203;-0.962;-0.038;0.979;-0.199;-0.982;0.000;0.189
10.132;-40.319;2.080;-23.783;-0.185;-0.203;-0.962;-0.038;0.979;-0.199;-0.982;0.000;0.189
10.261;-40.263;2.080;-23.493;-0.185;-0.203;-0.962;-0.038;0.979;-0.199;-0.982;0.000;0.189
10.390;-40.228;2.080;-23.309;-0.185;-0.203;-0.962;-0.038;0.979;-0.199;-0.982;0.000;0.189
10.519;-40.160;2.080;-22.956;-0.185;-0.203;-0.962;-0.038;0.979;-0.199;-0.982;0.000;0.189
10.648;-40.140;2.080;-22.852;-0.185;-0.203;-0.962;-0.038;0.979;-0.199;-0.982;0.000;0.189
10.779;-40.140;2.080;-22.852;-0.185;-0.203;-0.962;-0.038;0.979;-0.199;-0.982;0.000;0.189
10.909;-40.140;2.080;-22.852;-0.185;-0.203;-0.962;-0.038;0.979;-0.199;-0.982;0.000;0.189
11.039;-40.140;2.080;-22.852;-0.185;-0.203;-0.962;-0.038;0.979;-0.199;-0.982;0.000;0.189
11.170;-40.140;2.080;-22.852;-0.185;-0.203;-0.962;-0.038;0.979;-0.199;-0.982;0.000;0.189
11.301;-40.140;2.080;-22.852;-0.185;-0.203;-0.962;-0.038;0.979;-0.200;-0.982;0.000;0.189
11.431;-40.140;2.080;-22.852;-0.185;-0.203;-0.962;-0.038;0.979;-0.200;-0.982;0.000;0.189
11.561;-40.140;2.080;-22.852;-0.185;-0.203;-0.962;-0.038;0.979;-0.200;-0.982;0.000;0.189
11.692;-40.140;2.080;-22.852;-0.185;-0.203;-0.962;-0.038;0.979;-0.200;-0.982;0.000;0.189
11.822;-40.140;2.080;-22.852;-0.185;-0.203;-0.962;-0.038;0.979;-0.200;-0.982;0.000;0.189
11.953;-40.140;2.080;-22.852;-0.185;-0.203;-0.962;-0.038;0.979;-0.200;-0.982;0.000;0.189
12.084;-40.139;2.080;-22.852;-0.185;-0.203;-0.962;-0.038;0.979;-0.200;-0.982;0.000;0.189
12.213;-39.941;2.080;-22.890;-0.181;-0.203;-0.962;-0.038;0.979;-0.200;-0.983;0.000;0.185
12.342;-39.446;2.080;-22.973;-0.146;-0.212;-0.966;-0.032;0.977;-0.209;-0.989;0.000;0.150
12.472;-38.697;2.080;-23.076;-0.117;-0.215;-0.969;-0.026;0.977;-0.214;-0.993;0.000;0.120
12.600;-37.931;2.080;-23.152;-0.085;-0.220;-0.972;-0.019;0.975;-0.220;-0.996;0.000;0.087
12.729;-37.288;2.080;-23.155;-0.077;-0.221;-0.972;-0.018;0.975;-0.220;-0.997;0.000;0.079
12.859;-36.972;2.080;-23.008;-0.209;-0.205;-0.956;-0.044;0.979;-0.200;-0.977;0.000;0.214
12.990;-36.874;2.080;-23.026;-0.219;-0.205;-0.954;-0.046;0.979;-0.200;-0.975;0.000;0.223
13.118;-36.874;2.080;-23.026;-0.219;-0.205;-0.954;-0.046;0.979;-0.200;-0.975;0.000;0.224
13.248;-36.874;2.080;-23.026;-0.224;-0.205;-0.953;-0.047;0.979;-0.200;-0.973;0.000;0.229
13.378;-36.874;2.080;-23.026;-0.225;-0.205;-0.952;-0.047;0.979;-0.200;-0.973;0.000;0.230
13.509;-36.820;2.080;-23.042;-0.291;-0.198;-0.936;-0.059;0.980;-0.189;-0.955;0.000;0.297
13.638;-36.504;2.080;-23.165;-0.373;-0.185;-0.909;-0.070;0.983;-0.171;-0.925;0.000;0.379
13.767;-35.902;2.080;-23.373;-0.232;-0.179;-0.956;-0.042;0.984;-0.174;-0.972;0.000;0.236
13.896;-35.137;2.080;-23.472;-0.068;-0.189;-0.980;-0.013;0.982;-0.188;-0.998;0.000;0.069
14.024;-34.369;2.080;-23.483;0.032;-0.205;-0.978;0.007;0.979;-0.205;-0.999;0.000;-0.033
14.154;-34.096;2.080;-23.012;0.039;-0.206;-0.978;0.008;0.979;-0.206;-0.999;0.000;-0.040
14.283;-33.467;2.080;-23.027;-0.224;-0.216;-0.950;-0.050;0.976;-0.210;-0.973;0.000;0.230
14.414;-33.143;2.080;-23.132;-0.376;-0.225;-0.899;-0.087;0.974;-0.208;-0.923;0.000;0.386
14.543;-33.238;2.080;-23.080;-0.660;-0.224;-0.717;-0.152;0.975;-0.165;-0.736;0.000;0.677
14.674;-33.238;2.080;-23.080;-0.870;-0.191;-0.454;-0.170;0.982;-0.089;-0.463;0.000;0.887
14.802;-33.238;2.080;-23.080;-0.898;-0.170;-0.406;-0.155;0.986;-0.070;-0.412;0.000;0.911
14.931;-33.238;2.080;-23.080;-0.892;-0.158;-0.424;-0.142;0.987;-0.068;-0.429;0.000;0.903
15.060;-33.238;2.080;-23.080;-0.874;-0.136;-0.466;-0.120;0.991;-0.064;-0.470;0.000;0.883
15.190;-33.238;2.080;-23.080;-0.872;-0.132;-0.471;-0.116;0.991;-0.063;-0.475;0.000;0.880
15.321;-33.238;2.080;-23.080;-0.870;-0.132;-0.474;-0.116;0.991;-0.063;-0.478;0.000;0.878
15.450;-33.238;2.080;-23.080;-0.870;-0.132;-0.476;-0.116;0.991;-0.063;-0.480;0.000;0.877
15.579;-33.238;2.080;-23.080;-0.869;-0.132;-0.476;-0.115;0.991;-0.063;-0.480;0.000;0.877
15.707;-33.238;2.080;-23.080;-0.869;-0.132;-0.476;-0.115;0.991;-0.063;-0.480;0.000;0.877
15.837;-33.238;2.080;-23.080;-0.869;-0.132;-0.477;-0.116;0.991;-0.064;-0.481;0.000;0.877
15.965;-33.238;2.080;-23.080;-0.869;-0.132;-0.478;-0.116;0.991;-0.064;-0.482;0.000;0.876
16.097;-33.238;2.080;-23.080;-0.869;-0.132;-0.478;-0.116;0.991;-0.064;-0.482;0.000;0.876
16.225;-33.238;2.080;-23.080;-0.869;-0.132;-0.478;-0.116;0.991;-0.064;-0.482;0.000;0.876
16.355;-33.238;2.080;-23.080;-0.869;-0.132;-0.478;-0.116;0.991;-0.064;-0.482;0.000;0.876
16.483;-33.238;2.080;-23.080;-0.869;-0.132;-0.478;-0.116;0.991;-0.064;-0.482;0.000;0.876
16.612;-33.238;2.080;-23.080;-0.869;-0.132;-0.478;-0.116;0.991;-0.064;-0.482;0.000;0.876
16.740;-33.270;2.080;-23.021;-0.869;-0.132;-0.478;-0.116;0.991;-0.064;-0.482;0.000;0.876
16.869;-33.440;2.080;-22.712;-0.869;-0.132;-0.478;-0.116;0.991;-0.064;-0.482;0.000;0.876
16.998;-33.756;2.080;-22.137;-0.869;-0.132;-0.478;-0.116;0.991;-0.064;-0.482;0.000;0.876
17.126;-34.113;2.080;-21.489;-0.869;-0.132;-0.478;-0.116;0.991;-0.064;-0.482;0.000;0.876
17.257;-34.354;2.080;-21.050;-0.869;-0.132;-0.478;-0.116;0.991;-0.064;-0.482;0.000;0.876
17.385;-34.446;2.080;-20.883;-0.869;-0.132;-0.478;-0.116;0.991;-0.064;-0.482;0.000;0.876
17.514;-34.446;2.080;-20.883;-0.869;-0.132;-0.478;-0.116;0.991;-0.064;-0.482;0.000;0.876
17.643;-34.446;2.080;-20.883;-0.869;-0.132;-0.478;-0.116;0.991;-0.064;-0.482;0.000;0.876
17.771;-34.446;2.080;-20.883;-0.869;-0.132;-0.478;-0.116;0.991;-0.064;-0.482;0.000;0.876
17.900;-34.446;2.080;-20.883;-0.869;-0.133;-0.477;-0.116;0.991;-0.064;-0.482;0.000;0.876
18.028;-34.446;2.080;-20.883;-0.869;-0.133;-0.477;-0.116;0.991;-0.064;-0.482;0.000;0.876
18.157;-34.446;2.080;-20.883;-0.869;-0.133;-0.477;-0.116;0.991;-0.064;-0.482;0.000;0.876
18.287;-34.531;2.080;-20.930;-0.869;-0.133;-0.477;-0.116;0.991;-0.064;-0.482;0.000;0.876
18.416;-34.877;2.080;-21.120;-0.869;-0.133;-0.477;-0.116;0.991;-0.064;-0.482;0.000;0.876
18.546;-35.482;2.080;-21.453;-0.869;-0.133;-0.477;-0.116;0.991;-0.064;-0.482;0.000;0.876
18.676;-36.166;2.080;-21.829;-0.869;-0.133;-0.477;-0.116;0.991;-0.064;-0.482;0.000;0.876
18.806;-36.850;2.080;-22.205;-0.869;-0.133;-0.477;-0.116;0.991;-0.064;-0.482;0.000;0.876
18.936;-37.416;2.080;-22.497;-0.899;-0.139;-0.415;-0.126;0.990;-0.058;-0.419;0.000;0.908
19.066;-37.727;2.080;-22.617;-0.945;-0.140;-0.297;-0.133;0.990;-0.042;-0.300;0.000;0.954
19.195;-37.778;2.080;-22.632;-0.970;-0.138;-0.202;-0.135;0.990;-0.028;-0.204;0.000;0.979
19.324;-37.778;2.080;-22.632;-0.980;-0.134;-0.145;-0.133;0.991;-0.020;-0.147;0.000;0.989
19.453;-37.778;2.080;-22.632;-0.981;-0.133;-0.142;-0.132;0.991;-0.019;-0.144;0.000;0.990
19.582;-37.778;2.080;-22.632;-0.975;-0.132;-0.181;-0.130;0.991;-0.024;-0.182;0.000;0.983
19.710;-37.778;2.080;-22.632;-0.863;-0.162;-0.479;-0.142;0.987;-0.079;-0.485;0.000;0.874
19.839;-37.778;2.080;-22.632;-0.697;-0.181;-0.693;-0.128;0.984;-0.127;-0.705;0.000;0.709
19.967;-37.778;2.080;-22.632;-0.701;-0.184;-0.689;-0.131;0.983;-0.129;-0.701;0.000;0.713
20.098;-37.778;2.080;-22.632;-0.701;-0.184;-0.689;-0.131;0.983;-0.129;-0.701;0.000;0.713
20.226;-37.778;2.080;-22.632;-0.701;-0.184;-0.689;-0.131;0.983;-0.129;-0.701;0.000;0.713
20.357;-37.778;2.080;-22.632;-0.701;-0.184;-0.689;-0.131;0.983;-0.129;-0.701;0.000;0.713
20.486;-37.778;2.080;-22.632;-0.701;-0.184;-0.689;-0.131;0.983;-0.129;-0.701;0.000;0.713
20.615;-37.778;2.080;-22.632;-0.606;-0.208;-0.768;-0.129;0.978;-0.163;-0.785;0.000;0.620
20.747;-37.778;2.080;-22.632;-0.269;-0.299;-0.916;-0.084;0.954;-0.287;-0.959;0.000;0.282
20.879;-37.778;2.080;-22.632;0.233;-0.365;-0.901;0.091;0.931;-0.354;-0.968;0.000;-0.250
21.008;-37.778;2.080;-22.632;0.378;-0.391;-0.839;0.161;0.921;-0.356;-0.912;0.000;-0.411
21.139;-37.778;2.080;-22.632;0.378;-0.391;-0.839;0.161;0.921;-0.356;-0.912;0.000;-0.411
21.270;-37.778;2.080;-22.632;0.378;-0.391;-0.839;0.161;0.921;-0.356;-0.912;0.000;-0.411
21.402;-37.778;2.080;-22.632;0.394;-0.391;-0.832;0.167;0.921;-0.353;-0.904;0.000;-0.428
21.531;-37.778;2.080;-22.632;0.456;-0.409;-0.791;0.204;0.913;-0.354;-0.866;0.000;-0.499
21.661;-37.778;2.080;-22.632;0.552;-0.426;-0.717;0.260;0.905;-0.338;-0.792;0.000;-0.610
21.790;-37.778;2.080;-22.632;0.556;-0.428;-0.712;0.264;0.904;-0.338;-0.788;0.000;-0.615
21.919;-37.715;2.080;-22.713;0.540;-0.427;-0.725;0.255;0.904;-0.342;-0.802;0.000;-0.597
22.047;-37.500;2.080;-23.049;0.445;-0.416;-0.793;0.204;0.909;-0.363;-0.872;0.000;-0.490
22.176;-37.173;2.080;-23.657;0.428;-0.411;-0.805;0.193;0.911;-0.363;-0.883;0.000;-0.470
22.306;-36.807;2.080;-24.343;0.432;-0.407;-0.805;0.192;0.913;-0.359;-0.881;0.000;-0.473
22.434;-36.445;2.080;-25.017;0.432;-0.407;-0.805;0.193;0.913;-0.359;-0.881;0.000;-0.473
22.562;-36.078;2.080;-25.700;0.433;-0.407;-0.804;0.193;0.913;-0.358;-0.880;0.000;-0.474
22.691;-35.711;2.080;-26.379;0.435;-0.406;-0.803;0.194;0.914;-0.357;-0.879;0.000;-0.476
22.821;-35.351;2.080;-27.041;0.437;-0.406;-0.802;0.194;0.914;-0.357;-0.878;0.000;-0.478
22.950;-34.964;2.080;-27.739;0.451;-0.406;-0.795;0.200;0.914;-0.353;-0.870;0.000;-0.494
23.080;-34.560;2.080;-28.408;0.493;-0.407;-0.769;0.219;0.913;-0.343;-0.842;0.000;-0.539
23.211;-34.113;2.080;-29.054;0.542;-0.413;-0.732;0.246;0.911;-0.332;-0.804;0.000;-0.595
23.342;-33.632;2.080;-29.677;0.565;-0.413;-0.714;0.256;0.911;-0.324;-0.784;0.000;-0.620
23.476;-33.132;2.080;-30.299;0.578;-0.406;-0.708;0.257;0.914;-0.315;-0.775;0.000;-0.632
23.606;-32.631;2.080;-30.905;0.589;-0.397;-0.704;0.255;0.918;-0.304;-0.767;0.000;-0.642
23.737;-32.127;2.080;-31.505;0.592;-0.395;-0.702;0.255;0.918;-0.302;-0.765;0.000;-0.644
23.867;-31.622;2.080;-32.103;0.594;-0.393;-0.702;0.254;0.919;-0.300;-0.763;0.000;-0.646
23.997;-31.118;2.080;-32.699;0.594;-0.393;-0.702;0.254;0.919;-0.300;-0.763;0.000;-0.646
24.128;-30.611;2.080;-33.298;0.594;-0.393;-0.702;0.254;0.919;-0.300;-0.763;0.000;-0.646
24.265;-30.080;2.080;-33.924;0.597;-0.391;-0.701;0.253;0.920;-0.298;-0.761;0.000;-0.648
24.393;-29.582;2.080;-34.510;0.597;-0.391;-0.701;0.253;0.920;-0.298;-0.761;0.000;-0.648
24.530;-29.050;2.080;-35.135;0.597;-0.391;-0.701;0.253;0.920;-0.298;-0.761;0.000;-0.648
24.659;-28.545;2.080;-35.727;0.597;-0.391;-0.701;0.253;0.920;-0.298;-0.761;0.000;-0.648
24.788;-28.046;2.080;-36.313;0.597;-0.391;-0.701;0.253;0.920;-0.298;-0.761;0.000;-0.648
24.916;-27.548;2.080;-36.898;0.597;-0.391;-0.700;0.254;0.920;-0.297;-0.761;0.000;-0.649
25.046;-27.040;2.080;-37.494;0.597;-0.391;-0.700;0.254;0.920;-0.297;-0.761;0.000;-0.649
25.175;-26.538;2.080;-38.083;0.597;-0.391;-0.700;0.254;0.920;-0.297;-0.761;0.000;-0.649
25.306;-26.028;2.080;-38.681;0.597;-0.391;-0.700;0.254;0.920;-0.297;-0.761;0.000;-0.649
25.437;-25.521;2.080;-39.273;0.602;-0.389;-0.697;0.254;0.921;-0.294;-0.757;0.000;-0.653
25.567;-25.008;2.080;-39.864;0.610;-0.384;-0.693;0.254;0.923;-0.288;-0.751;0.000;-0.660
25.696;-24.489;2.080;-40.444;0.623;-0.377;-0.685;0.254;0.926;-0.279;-0.740;0.000;-0.672
25.825;-23.963;2.080;-41.014;0.634;-0.370;-0.679;0.253;0.929;-0.271;-0.731;0.000;-0.683
25.956;-23.416;2.080;-41.565;0.678;-0.363;-0.639;0.264;0.932;-0.249;-0.686;0.000;-0.727
26.086;-22.826;2.080;-42.085;0.717;-0.360;-0.597;0.277;0.933;-0.231;-0.640;0.000;-0.769
26.216;-22.200;2.080;-42.544;0.778;-0.360;-0.516;0.300;0.933;-0.199;-0.553;0.000;-0.833
26.346;-21.643;2.080;-42.870;0.834;-0.358;-0.420;0.320;0.934;-0.161;-0.450;0.000;-0.893
26.476;-21.431;2.080;-42.861;0.881;-0.368;-0.297;0.349;0.930;-0.117;-0.319;0.000;-0.948
26.607;-21.446;2.080;-42.788;0.896;-0.376;-0.237;0.364;0.926;-0.096;-0.255;0.000;-0.967
26.736;-21.446;2.080;-42.788;0.912;-0.376;-0.164;0.370;0.927;-0.066;-0.177;0.000;-0.984
26.865;-21.825;2.080;-42.495;0.916;-0.371;-0.150;0.366;0.929;-0.060;-0.162;0.000;-0.987
26.994;-21.825;2.080;-42.495;0.928;-0.346;-0.139;0.342;0.938;-0.051;-0.148;0.000;-0.989
27.124;-21.825;2.080;-42.495;0.929;-0.343;-0.138;0.340;0.939;-0.051;-0.147;0.000;-0.989
27.253;-21.825;2.080;-42.495;0.906;-0.343;-0.248;0.330;0.939;-0.090;-0.264;0.000;-0.965
27.382;-21.825;2.080;-42.495;0.858;-0.341;-0.384;0.312;0.940;-0.139;-0.408;0.000;-0.913
27.510;-21.825;2.080;-42.495;0.816;-0.340;-0.467;0.295;0.940;-0.169;-0.496;0.000;-0.868
27.640;-21.825;2.080;-42.495;0.798;-0.338;-0.498;0.286;0.941;-0.179;-0.529;0.000;-0.848
27.768;-21.825;2.080;-42.495;0.772;-0.328;-0.545;0.268;0.945;-0.189;-0.577;0.000;-0.817
27.898;-21.822;2.080;-42.497;0.751;-0.317;-0.579;0.251;0.948;-0.193;-0.610;0.000;-0.792
28.026;-21.656;2.080;-42.626;0.752;-0.306;-0.584;0.241;0.952;-0.188;-0.613;0.000;-0.790
28.156;-21.251;2.080;-42.942;0.752;-0.291;-0.591;0.229;0.957;-0.180;-0.618;0.000;-0.786
28.285;-20.661;2.080;-43.406;0.752;-0.289;-0.592;0.227;0.957;-0.179;-0.618;0.000;-0.786
28.415;-20.052;2.080;-43.888;0.751;-0.286;-0.596;0.224;0.958;-0.178;-0.621;0.000;-0.783
28.545;-19.442;2.080;-44.386;0.736;-0.274;-0.619;0.209;0.962;-0.176;-0.644;0.000;-0.765
28.675;-18.855;2.080;-44.895;0.709;-0.283;-0.646;0.209;0.959;-0.191;-0.674;0.000;-0.739
28.805;-18.314;2.080;-45.455;0.606;-0.291;-0.740;0.184;0.957;-0.225;-0.774;0.000;-0.634
28.936;-17.861;2.080;-46.093;0.507;-0.292;-0.811;0.155;0.956;-0.248;-0.848;0.000;-0.530
29.068;-17.471;2.080;-46.783;0.437;-0.287;-0.852;0.131;0.958;-0.256;-0.890;0.000;-0.457
29.198;-17.145;2.080;-47.492;0.377;-0.276;-0.884;0.108;0.961;-0.253;-0.920;0.000;-0.392
29.326;-16.853;2.080;-48.207;0.340;-0.268;-0.901;0.095;0.964;-0.250;-0.936;0.000;-0.353
29.456;-16.618;2.080;-48.946;0.237;-0.245;-0.940;0.060;0.970;-0.237;-0.970;0.000;-0.244
29.585;-16.439;2.080;-49.699;0.219;-0.241;-0.945;0.055;0.970;-0.235;-0.974;0.000;-0.226
29.714;-16.274;2.080;-50.456;0.185;-0.234;-0.954;0.045;0.972;-0.230;-0.982;0.000;-0.191
29.843;-16.145;2.080;-51.222;0.145;-0.228;-0.963;0.034;0.974;-0.226;-0.989;0.000;-0.149
29.974;-16.029;2.080;-51.995;0.144;-0.228;-0.963;0.034;0.974;-0.226;-0.989;0.000;-0.148
30.103;-15.915;2.080;-52.761;0.144;-0.228;-0.963;0.034;0.974;-0.226;-0.989;0.000;-0.148
30.233;-15.800;2.080;-53.526;0.144;-0.228;-0.963;0.034;0.974;-0.226;-0.989;0.000;-0.148
30.363;-15.695;2.080;-54.305;0.100;-0.226;-0.969;0.023;0.974;-0.225;-0.995;0.000;-0.102
30.492;-15.642;2.080;-55.080;0.043;-0.219;-0.975;0.010;0.976;-0.219;-0.999;0.000;-0.044
30.622;-15.615;2.080;-55.838;0.026;-0.215;-0.976;0.006;0.977;-0.215;-1.000;0.000;-0.027
30.751;-15.613;2.080;-56.343;-0.016;-0.202;-0.979;-0.003;0.979;-0.202;-1.000;0.000;0.016
30.888;-15.616;2.080;-56.554;-0.002;-0.218;-0.976;0.000;0.976;-0.218;-1.000;0.000;0.002
31.018;-15.616;2.080;-56.554;-0.002;-0.218;-0.976;0.000;0.976;-0.218;-1.000;0.000;0.002
31.147;-15.616;2.080;-56.554;-0.002;-0.218;-0.976;0.000;0.976;-0.218;-1.000;0.000;0.002
31.277;-15.616;2.080;-56.554;-0.002;-0.218;-0.976;0.000;0.976;-0.218;-1.000;0.000;0.002
31.407;-15.616;2.080;-56.554;-0.002;-0.218;-0.976;0.000;0.976;-0.218;-1.000;0.000;0.002
31.536;-15.616;2.080;-56.554;0.001;-0.209;-0.978;0.000;0.978;-0.209;-1.000;0.000;-0.001
31.667;-15.616;2.080;-56.554;-0.011;-0.166;-0.986;-0.002;0.986;-0.166;-1.000;0.000;0.012
31.796;-15.616;2.080;-56.554;-0.013;-0.155;-0.988;-0.002;0.988;-0.155;-1.000;0.000;0.013
31.925;-15.616;2.080;-56.554;-0.019;-0.134;-0.991;-0.003;0.991;-0.134;-1.000;0.000;0.019
32.056;-15.616;2.080;-56.554;-0.025;-0.113;-0.993;-0.003;0.994;-0.113;-1.000;0.000;0.025
32.186;-15.618;2.080;-56.592;-0.054;-0.111;-0.992;-0.006;0.994;-0.111;-0.998;0.000;0.055
32.316;-15.650;2.080;-56.892;-0.133;-0.104;-0.986;-0.014;0.995;-0.103;-0.991;0.000;0.133
32.445;-15.743;2.080;-57.501;-0.159;-0.098;-0.982;-0.016;0.995;-0.097;-0.987;0.000;0.160
32.573;-15.872;2.080;-58.257;-0.174;-0.098;-0.980;-0.017;0.995;-0.096;-0.985;0.000;0.175
32.702;-16.013;2.080;-59.014;-0.192;-0.098;-0.976;-0.019;0.995;-0.096;-0.981;0.000;0.193
32.832;-16.193;2.080;-59.776;-0.280;-0.098;-0.955;-0.027;0.995;-0.094;-0.960;0.000;0.281
32.960;-16.446;2.080;-60.501;-0.362;-0.097;-0.927;-0.035;0.995;-0.090;-0.931;0.000;0.364
33.089;-16.751;2.080;-61.213;-0.429;-0.097;-0.898;-0.042;0.995;-0.087;-0.902;0.000;0.431
33.218;-17.112;2.080;-61.895;-0.505;-0.096;-0.858;-0.049;0.995;-0.082;-0.861;0.000;0.508
33.346;-17.542;2.080;-62.532;-0.604;-0.094;-0.792;-0.057;0.996;-0.075;-0.795;0.000;0.606
33.476;-18.061;2.080;-63.115;-0.708;-0.090;-0.700;-0.064;0.996;-0.064;-0.703;0.000;0.711
33.606;-18.646;2.080;-63.626;-0.791;-0.080;-0.606;-0.064;0.997;-0.049;-0.608;0.000;0.794
33.734;-19.293;2.080;-64.037;-0.884;-0.074;-0.461;-0.066;0.997;-0.034;-0.462;0.000;0.887
33.863;-19.996;2.080;-64.363;-0.918;-0.064;-0.392;-0.059;0.998;-0.025;-0.393;0.000;0.920
33.992;-20.710;2.080;-64.667;-0.918;-0.063;-0.390;-0.058;0.998;-0.025;-0.391;0.000;0.920
34.123;-21.416;2.080;-64.967;-0.918;-0.063;-0.390;-0.058;0.998;-0.025;-0.391;0.000;0.920
34.253;-21.898;2.080;-65.178;-0.892;-0.076;-0.445;-0.068;0.997;-0.034;-0.446;0.000;0.895
34.385;-22.092;2.080;-65.291;-0.801;-0.083;-0.594;-0.066;0.997;-0.049;-0.596;0.000;0.803
34.519;-22.096;2.080;-65.293;-0.724;-0.104;-0.682;-0.076;0.995;-0.071;-0.686;0.000;0.728
34.649;-22.096;2.080;-65.293;-0.569;-0.130;-0.812;-0.074;0.992;-0.106;-0.819;0.000;0.574
34.778;-22.096;2.080;-65.293;-0.367;-0.155;-0.917;-0.057;0.988;-0.144;-0.929;0.000;0.371
34.909;-22.096;2.080;-65.293;-0.162;-0.153;-0.975;-0.025;0.988;-0.151;-0.986;0.000;0.164
35.039;-22.096;2.080;-65.293;-0.112;-0.128;-0.985;-0.014;0.992;-0.127;-0.994;0.000;0.113
35.169;-22.096;2.080;-65.293;-0.095;-0.115;-0.989;-0.011;0.993;-0.114;-0.995;0.000;0.095
35.299;-22.096;2.080;-65.293;-0.146;-0.160;-0.976;-0.024;0.987;-0.158;-0.989;0.000;0.148
35.427;-22.096;2.080;-65.293;-0.284;-0.283;-0.916;-0.084;0.959;-0.270;-0.955;0.000;0.296
35.556;-22.096;2.080;-65.293;-0.565;-0.369;-0.738;-0.225;0.929;-0.293;-0.794;0.000;0.608
35.686;-22.096;2.080;-65.293;-0.804;-0.332;-0.493;-0.283;0.943;-0.173;-0.523;0.000;0.853
35.817;-22.096;2.080;-65.293;-0.946;-0.264;-0.190;-0.259;0.965;-0.052;-0.197;0.000;0.980
35.946;-22.096;2.080;-65.293;-0.958;-0.242;-0.154;-0.239;0.970;-0.038;-0.158;0.000;0.987
36.075;-22.096;2.080;-65.293;-0.963;-0.232;-0.140;-0.230;0.973;-0.033;-0.144;0.000;0.990
36.205;-22.152;2.080;-65.301;-0.964;-0.227;-0.139;-0.224;0.974;-0.032;-0.142;0.000;0.990
36.341;-22.506;2.080;-65.348;-0.970;-0.213;-0.118;-0.212;0.977;-0.026;-0.120;0.000;0.993
36.469;-23.166;2.080;-65.423;-0.972;-0.210;-0.109;-0.209;0.978;-0.023;-0.112;0.000;0.994
36.600;-23.944;2.080;-65.511;-0.972;-0.210;-0.109;-0.209;0.978;-0.023;-0.112;0.000;0.994
36.730;-24.721;2.080;-65.598;-0.973;-0.206;-0.104;-0.205;0.979;-0.022;-0.106;0.000;0.994
36.860;-25.498;2.080;-65.680;-0.968;-0.216;-0.123;-0.215;0.976;-0.027;-0.126;0.000;0.992
36.989;-26.199;2.080;-65.770;-0.968;-0.216;-0.123;-0.215;0.976;-0.027;-0.126;0.000;0.992
37.120;-26.625;2.080;-65.824;-0.968;-0.216;-0.123;-0.215;0.976;-0.027;-0.126;0.000;0.992
37.250;-26.745;2.080;-65.839;-0.968;-0.216;-0.123;-0.215;0.976;-0.027;-0.126;0.000;0.992
37.381;-26.745;2.080;-65.839;-0.968;-0.216;-0.123;-0.215;0.976;-0.027;-0.126;0.000;0.992
37.511;-26.745;2.080;-65.839;-0.970;-0.214;-0.113;-0.213;0.977;-0.025;-0.116;0.000;0.993
37.642;-26.745;2.080;-65.839;-0.973;-0.195;0.126;-0.193;0.981;0.025;0.128;0.000;0.992
37.770;-26.745;2.080;-65.839;-0.875;-0.200;0.441;-0.179;0.980;0.090;0.450;0.000;0.893
37.907;-26.745;2.080;-65.839;-0.774;-0.190;0.603;-0.150;0.982;0.117;0.615;0.000;0.789
38.037;-26.745;2.080;-65.839;-0.759;-0.181;0.625;-0.140;0.983;0.115;0.636;0.000;0.772
38.166;-26.745;2.080;-65.839;-0.630;-0.170;0.758;-0.109;0.985;0.131;0.769;0.000;0.639
38.298;-26.745;2.080;-65.839;-0.565;-0.159;0.810;-0.091;0.987;0.130;0.820;0.000;0.572
38.428;-26.812;2.080;-65.743;-0.563;-0.155;0.812;-0.089;0.988;0.128;0.822;0.000;0.570
38.558;-27.049;2.080;-65.400;-0.563;-0.141;0.814;-0.080;0.990;0.116;0.823;0.000;0.569
38.689;-27.455;2.080;-64.813;-0.565;-0.128;0.815;-0.073;0.992;0.105;0.822;0.000;0.570
38.819;-27.900;2.080;-64.170;-0.566;-0.115;0.816;-0.066;0.993;0.095;0.822;0.000;0.570
38.950;-28.350;2.080;-63.522;-0.567;-0.104;0.817;-0.059;0.995;0.086;0.821;0.000;0.571
39.081;-28.798;2.080;-62.879;-0.571;-0.097;0.815;-0.056;0.995;0.080;0.819;0.000;0.573
39.212;-29.264;2.080;-62.244;-0.621;-0.092;0.778;-0.058;0.996;0.072;0.782;0.000;0.624
39.341;-29.780;2.080;-61.670;-0.700;-0.093;0.709;-0.065;0.996;0.066;0.712;0.000;0.703
39.472;-30.360;2.080;-61.141;-0.747;-0.093;0.658;-0.070;0.996;0.062;0.661;0.000;0.751
39.603;-30.951;2.080;-60.621;-0.747;-0.093;0.658;-0.070;0.996;0.062;0.661;0.000;0.751
39.733;-31.534;2.080;-60.106;-0.743;-0.090;0.663;-0.067;0.996;0.060;0.666;0.000;0.746
39.863;-32.119;2.080;-59.583;-0.743;-0.090;0.663;-0.067;0.996;0.060;0.666;0.000;0.746
39.992;-32.696;2.080;-59.068;-0.743;-0.090;0.663;-0.067;0.996;0.060;0.666;0.000;0.746
40.122;-33.276;2.080;-58.550;-0.743;-0.090;0.663;-0.067;0.996;0.060;0.666;0.000;0.746
40.252;-33.858;2.080;-58.031;-0.743;-0.090;0.663;-0.067;0.996;0.060;0.666;0.000;0.746
40.381;-34.437;2.080;-57.513;-0.743;-0.090;0.663;-0.067;0.996;0.060;0.666;0.000;0.746
40.510;-35.014;2.080;-56.998;-0.743;-0.090;0.663;-0.067;0.996;0.060;0.666;0.000;0.746
40.639;-35.591;2.080;-56.483;-0.743;-0.090;0.663;-0.067;0.996;0.060;0.666;0.000;0.746
40.774;-36.197;2.080;-55.942;-0.743;-0.090;0.663;-0.067;0.996;0.060;0.666;0.000;0.746
40.903;-36.775;2.080;-55.426;-0.743;-0.090;0.663;-0.067;0.996;0.060;0.666;0.000;0.746
41.033;-37.353;2.080;-54.910;-0.743;-0.090;0.663;-0.067;0.996;0.060;0.666;0.000;0.746
41.161;-37.928;2.080;-54.396;-0.743;-0.090;0.663;-0.067;0.996;0.060;0.666;0.000;0.746
41.292;-38.511;2.080;-53.875;-0.743;-0.090;0.663;-0.067;0.996;0.060;0.666;0.000;0.746
41.421;-39.092;2.080;-53.357;-0.743;-0.090;0.663;-0.067;0.996;0.060;0.666;0.000;0.746
41.551;-39.671;2.080;-52.840;-0.743;-0.090;0.663;-0.067;0.996;0.060;0.666;0.000;0.746
41.681;-40.042;2.080;-52.222;-0.743;-0.090;0.663;-0.067;0.996;0.060;0.666;0.000;0.746
41.811;-40.544;2.080;-51.630;-0.743;-0.090;0.663;-0.067;0.996;0.060;0.666;0.000;0.746
41.941;-41.121;2.080;-51.114;-0.743;-0.090;0.663;-0.067;0.996;0.060;0.666;0.000;0.746
42.069;-41.697;2.080;-50.600;-0.743;-0.090;0.663;-0.067;0.996;0.060;0.666;0.000;0.746
42.197;-42.257;2.080;-50.099;-0.739;-0.087;0.668;-0.064;0.996;0.058;0.671;0.000;0.742
42.328;-42.636;2.080;-49.744;-0.705;-0.085;0.704;-0.060;0.996;0.060;0.706;0.000;0.708
42.456;-42.782;2.080;-49.587;-0.610;-0.087;0.787;-0.053;0.996;0.069;0.790;0.000;0.613
42.591;-42.784;2.080;-49.584;-0.463;-0.092;0.882;-0.043;0.996;0.081;0.885;0.000;0.465
42.721;-42.784;2.080;-49.584;-0.246;-0.096;0.964;-0.024;0.995;0.093;0.969;0.000;0.248
42.853;-42.784;2.080;-49.584;-0.104;-0.111;0.988;-0.012;0.994;0.110;0.994;0.000;0.105
42.987;-42.784;2.080;-49.584;0.088;-0.104;0.991;0.009;0.995;0.104;0.996;0.000;-0.088
43.119;-42.819;2.080;-49.476;0.330;-0.086;0.940;0.029;0.996;0.081;0.944;0.000;-0.331
43.249;-42.819;2.080;-49.476;0.466;-0.074;0.882;0.034;0.997;0.065;0.884;0.000;-0.467
43.378;-42.819;2.080;-49.476;0.468;-0.074;0.881;0.035;0.997;0.065;0.883;0.000;-0.469
43.510;-42.819;2.080;-49.476;0.468;-0.074;0.881;0.035;0.997;0.065;0.883;0.000;-0.469
43.639;-42.819;2.080;-49.476;0.473;-0.074;0.878;0.035;0.997;0.065;0.880;0.000;-0.474
43.770;-42.819;2.080;-49.476;0.595;-0.081;0.800;0.048;0.997;0.065;0.802;0.000;-0.597
43.899;-42.471;2.080;-49.543;0.521;-0.117;0.846;0.061;0.993;0.100;0.852;0.000;-0.524
44.029;-42.471;2.080;-49.543;0.521;-0.117;0.846;0.061;0.993;0.100;0.852;0.000;-0.524
44.160;-42.471;2.080;-49.543;0.521;-0.117;0.846;0.061;0.993;0.100;0.852;0.000;-0.524
44.290;-42.471;2.080;-49.543;0.521;-0.117;0.846;0.061;0.993;0.100;0.852;0.000;-0.524
44.418;-42.471;2.080;-49.543;0.553;-0.117;0.825;0.065;0.993;0.097;0.831;0.000;-0.557
44.549;-42.471;2.080;-49.543;0.709;-0.116;0.695;0.083;0.993;0.081;0.700;0.000;-0.714
44.681;-42.471;2.080;-49.543;0.930;-0.135;0.341;0.126;0.991;0.046;0.344;0.000;-0.939
44.812;-42.471;2.080;-49.543;0.989;-0.140;0.046;0.140;0.990;0.006;0.046;0.000;-0.999
44.944;-42.471;2.080;-49.543;0.981;-0.139;-0.133;0.137;0.990;-0.019;-0.135;0.000;-0.991
45.074;-42.471;2.080;-49.543;0.966;-0.134;-0.222;0.130;0.991;-0.030;-0.224;0.000;-0.975
45.204;-42.471;2.080;-49.543;0.950;-0.127;-0.285;0.122;0.992;-0.036;-0.287;0.000;-0.958
45.333;-42.471;2.080;-49.543;0.930;-0.119;-0.348;0.112;0.993;-0.042;-0.350;0.000;-0.937
45.464;-42.471;2.080;-49.543;0.930;-0.119;-0.348;0.111;0.993;-0.042;-0.351;0.000;-0.936
45.592;-42.471;2.080;-49.543;0.930;-0.119;-0.348;0.111;0.993;-0.042;-0.351;0.000;-0.936
45.721;-42.471;2.080;-49.543;0.930;-0.119;-0.348;0.111;0.993;-0.042;-0.351;0.000;-0.936
45.849;-42.471;2.080;-49.543;0.930;-0.119;-0.348;0.111;0.993;-0.042;-0.351;0.000;-0.936
45.977;-42.471;2.080;-49.543;0.930;-0.119;-0.348;0.111;0.993;-0.042;-0.351;0.000;-0.936
46.105;-42.471;2.080;-49.543;0.930;-0.117;-0.348;0.109;0.993;-0.041;-0.350;0.000;-0.937
46.234;-42.471;2.080;-49.543;0.932;-0.119;-0.342;0.111;0.993;-0.041;-0.345;0.000;-0.939
46.363;-42.471;2.080;-49.543;0.933;-0.118;-0.341;0.111;0.993;-0.041;-0.344;0.000;-0.939
46.491;-42.471;2.080;-49.543;0.933;-0.117;-0.341;0.110;0.993;-0.040;-0.343;0.000;-0.939
46.621;-42.471;2.080;-49.543;0.933;-0.117;-0.341;0.110;0.993;-0.040;-0.343;0.000;-0.939
46.751;-42.471;2.080;-49.543;0.917;-0.111;-0.384;0.103;0.994;-0.043;-0.386;0.000;-0.922
46.880;-42.471;2.080;-49.543;0.858;-0.103;-0.504;0.088;0.995;-0.052;-0.507;0.000;-0.862
47.010;-42.471;2.080;-49.543;0.798;-0.092;-0.596;0.074;0.996;-0.055;-0.598;0.000;-0.801
47.139;-42.471;2.080;-49.543;0.736;-0.089;-0.671;0.066;0.996;-0.060;-0.673;0.000;-0.739
47.267;-42.471;2.080;-49.543;0.716;-0.089;-0.692;0.064;0.996;-0.062;-0.695;0.000;-0.719
47.396;-42.471;2.080;-49.543;0.713;-0.089;-0.696;0.064;0.996;-0.062;-0.698;0.000;-0.716
47.527;-42.471;2.080;-49.543;0.712;-0.089;-0.696;0.064;0.996;-0.062;-0.699;0.000;-0.715
47.657;-42.471;2.080;-49.543;0.711;-0.089;-0.698;0.064;0.996;-0.062;-0.701;0.000;-0.714
47.787;-42.471;2.080;-49.543;0.711;-0.089;-0.698;0.064;0.996;-0.062;-0.701;0.000;-0.714
47.918;-42.417;2.080;-49.596;0.711;-0.089;-0.698;0.064;0.996;-0.062;-0.701;0.000;-0.714
48.047;-42.151;2.080;-49.857;0.711;-0.089;-0.698;0.064;0.996;-0.062;-0.701;0.000;-0.714
48.176;-41.679;2.080;-50.320;0.713;-0.088;-0.696;0.063;0.996;-0.062;-0.699;0.000;-0.715
48.305;-41.118;2.080;-50.856;0.723;-0.086;-0.685;0.063;0.996;-0.059;-0.688;0.000;-0.726
48.436;-40.546;2.080;-51.397;0.724;-0.086;-0.684;0.063;0.996;-0.059;-0.687;0.000;-0.727
48.564;-39.986;2.080;-51.927;0.724;-0.086;-0.684;0.063;0.996;-0.059;-0.687;0.000;-0.727
48.695;-39.417;2.080;-52.464;0.724;-0.086;-0.684;0.063;0.996;-0.059;-0.687;0.000;-0.727
48.824;-38.853;2.080;-52.997;0.724;-0.086;-0.684;0.063;0.996;-0.059;-0.687;0.000;-0.727
48.953;-38.292;2.080;-53.527;0.724;-0.086;-0.684;0.063;0.996;-0.059;-0.687;0.000;-0.727
49.083;-37.723;2.080;-54.064;0.724;-0.086;-0.684;0.063;0.996;-0.059;-0.687;0.000;-0.727
49.213;-37.157;2.080;-54.599;0.724;-0.086;-0.684;0.063;0.996;-0.059;-0.687;0.000;-0.727
49.344;-36.586;2.080;-55.138;0.724;-0.086;-0.684;0.063;0.996;-0.059;-0.687;0.000;-0.727
49.474;-36.010;2.080;-55.661;0.790;-0.114;-0.602;0.091;0.993;-0.069;-0.606;0.000;-0.796
49.602;-35.393;2.080;-56.124;0.795;-0.114;-0.596;0.091;0.993;-0.069;-0.600;0.000;-0.800
49.732;-34.769;2.080;-56.591;0.795;-0.114;-0.596;0.091;0.993;-0.069;-0.600;0.000;-0.800
49.863;-34.145;2.080;-57.060;0.795;-0.114;-0.596;0.091;0.993;-0.069;-0.600;0.000;-0.800
49.992;-33.522;2.080;-57.527;0.795;-0.114;-0.596;0.091;0.993;-0.069;-0.600;0.000;-0.800
50.123;-32.893;2.080;-57.998;0.795;-0.114;-0.596;0.091;0.993;-0.069;-0.600;0.000;-0.800
50.251;-32.277;2.080;-58.461;0.793;-0.113;-0.599;0.090;0.994;-0.068;-0.603;0.000;-0.798
50.380;-31.666;2.080;-58.937;0.775;-0.109;-0.622;0.085;0.994;-0.068;-0.626;0.000;-0.780
50.509;-31.090;2.080;-59.418;0.749;-0.102;-0.655;0.076;0.995;-0.067;-0.659;0.000;-0.753
50.638;-30.497;2.080;-59.953;0.736;-0.098;-0.670;0.073;0.995;-0.066;-0.673;0.000;-0.740
50.767;-29.925;2.080;-60.469;0.745;-0.097;-0.659;0.073;0.995;-0.065;-0.663;0.000;-0.749
50.897;-29.309;2.080;-60.948;0.823;-0.103;-0.558;0.085;0.995;-0.058;-0.561;0.000;-0.828
51.027;-28.710;2.080;-61.430;0.843;-0.107;-0.528;0.090;0.994;-0.057;-0.531;0.000;-0.847
51.156;-28.181;2.080;-61.959;0.858;-0.108;-0.501;0.093;0.994;-0.054;-0.504;0.000;-0.863
51.286;-27.781;2.080;-62.460;0.857;-0.108;-0.504;0.093;0.994;-0.055;-0.507;0.000;-0.862
51.415;-27.495;2.080;-62.953;0.853;-0.108;-0.510;0.093;0.994;-0.056;-0.513;0.000;-0.858
51.544;-26.828;2.080;-63.347;0.864;-0.111;-0.490;0.096;0.994;-0.055;-0.493;0.000;-0.870
51.673;-26.137;2.080;-63.699;0.910;-0.122;-0.396;0.112;0.993;-0.049;-0.399;0.000;-0.917
51.808;-25.375;2.080;-63.959;0.961;-0.144;-0.237;0.140;0.990;-0.035;-0.240;0.000;-0.971
51.936;-24.622;2.080;-64.105;0.978;-0.156;-0.137;0.154;0.988;-0.022;-0.138;0.000;-0.990
52.069;-23.870;2.080;-64.173;0.987;-0.153;-0.047;0.153;0.988;-0.007;-0.047;0.000;-0.999
52.200;-23.037;2.080;-64.199;0.989;-0.148;-0.021;0.148;0.989;-0.003;-0.021;0.000;-1.000
52.331;-22.253;2.080;-64.201;0.989;-0.145;0.025;0.145;0.989;0.004;0.025;0.000;-1.000
52.465;-21.455;2.080;-64.118;0.967;-0.146;0.210;0.143;0.989;0.031;0.212;0.000;-0.977
52.596;-20.710;2.080;-63.887;0.923;-0.150;0.355;0.140;0.989;0.054;0.359;0.000;-0.933
52.725;-20.007;2.080;-63.545;0.850;-0.152;0.505;0.131;0.988;0.078;0.511;0.000;-0.860
52.856;-19.355;2.080;-63.117;0.809;-0.155;0.566;0.127;0.988;0.089;0.573;0.000;-0.819
52.986;-18.745;2.080;-62.630;0.734;-0.157;0.661;0.117;0.988;0.105;0.669;0.000;-0.743
53.116;-18.223;2.080;-62.062;0.589;-0.163;0.791;0.098;0.987;0.131;0.802;0.000;-0.597
53.251;-17.796;2.080;-61.366;0.453;-0.162;0.876;0.075;0.987;0.144;0.888;0.000;-0.459
53.381;-17.469;2.080;-60.659;0.393;-0.158;0.906;0.063;0.987;0.145;0.917;0.000;-0.398
53.510;-17.167;2.080;-59.956;0.381;-0.157;0.911;0.060;0.988;0.145;0.923;0.000;-0.385
53.641;-16.866;2.080;-59.219;0.371;-0.155;0.916;0.058;0.988;0.144;0.927;0.000;-0.375
53.773;-16.566;2.080;-58.487;0.382;-0.157;0.911;0.061;0.988;0.145;0.922;0.000;-0.386
53.901;-16.269;2.080;-57.776;0.382;-0.158;0.911;0.061;0.987;0.146;0.922;0.000;-0.386
54.030;-15.968;2.080;-57.073;0.416;-0.205;0.886;0.087;0.979;0.186;0.905;0.000;-0.425
54.159;-15.502;2.080;-56.453;0.686;-0.403;0.606;0.302;0.915;0.267;0.662;0.000;-0.749
54.291;-14.922;2.080;-56.094;0.848;-0.457;0.270;0.435;0.890;0.139;0.304;0.000;-0.953
54.421;-14.554;2.080;-56.030;0.887;-0.462;-0.017;0.462;0.887;-0.009;-0.019;0.000;-1.000
54.550;-14.479;2.080;-56.037;0.838;-0.448;-0.310;0.420;0.894;-0.156;-0.347;0.000;-0.938
54.679;-14.479;2.080;-56.037;0.781;-0.417;-0.465;0.358;0.909;-0.214;-0.512;0.000;-0.859
54.810;-14.479;2.080;-56.037;0.661;-0.375;-0.650;0.268;0.927;-0.263;-0.701;0.000;-0.713
54.940;-14.479;2.080;-56.037;0.519;-0.335;-0.787;0.185;0.942;-0.280;-0.835;0.000;-0.550
55.069;-14.479;2.080;-56.037;0.324;-0.306;-0.895;0.104;0.952;-0.288;-0.940;0.000;-0.340
55.199;-14.479;2.080;-56.037;-0.097;-0.295;-0.951;-0.030;0.955;-0.294;-0.995;0.000;0.101
55.330;-14.497;2.080;-56.071;-0.498;-0.284;-0.819;-0.148;0.959;-0.243;-0.855;0.000;0.519
55.459;-14.691;2.080;-56.291;-0.663;-0.253;-0.705;-0.173;0.968;-0.184;-0.728;0.000;0.685
55.588;-15.098;2.080;-56.286;-0.663;-0.250;-0.705;-0.172;0.968;-0.182;-0.729;0.000;0.685
55.717;-15.667;2.080;-56.728;-0.641;-0.239;-0.729;-0.158;0.971;-0.180;-0.751;0.000;0.660
55.849;-16.181;2.080;-57.321;-0.623;-0.239;-0.745;-0.153;0.971;-0.183;-0.767;0.000;0.642
55.982;-16.587;2.080;-58.005;-0.270;-0.250;-0.930;-0.070;0.968;-0.240;-0.960;0.000;0.278
56.111;-16.534;2.080;-58.764;0.348;-0.283;-0.894;0.103;0.959;-0.264;-0.932;0.000;-0.363
56.242;-16.195;2.080;-59.474;0.426;-0.286;-0.858;0.127;0.958;-0.256;-0.896;0.000;-0.445
56.379;-15.889;2.080;-60.228;0.247;-0.273;-0.930;0.070;0.962;-0.264;-0.966;0.000;-0.257
56.508;-15.756;2.080;-60.992;0.081;-0.268;-0.960;0.022;0.964;-0.267;-0.996;0.000;-0.084
56.638;-15.794;2.080;-61.768;-0.162;-0.272;-0.949;-0.046;0.962;-0.268;-0.986;0.000;0.168
56.766;-15.989;2.080;-62.516;-0.290;-0.272;-0.917;-0.082;0.962;-0.260;-0.954;0.000;0.301
56.896;-16.261;2.080;-63.247;-0.361;-0.270;-0.893;-0.101;0.963;-0.250;-0.927;0.000;0.375
57.025;-16.507;2.080;-63.854;-0.361;-0.270;-0.893;-0.101;0.963;-0.250;-0.927;0.000;0.375
57.154;-16.643;2.080;-64.191;-0.361;-0.270;-0.893;-0.101;0.963;-0.250;-0.927;0.000;0.375
57.283;-16.670;2.080;-64.259;-0.361;-0.270;-0.893;-0.101;0.963;-0.250;-0.927;0.000;0.375
57.413;-16.670;2.080;-64.259;-0.480;-0.275;-0.833;-0.137;0.961;-0.239;-0.867;0.000;0.499
57.544;-16.670;2.080;-64.259;-0.675;-0.308;-0.670;-0.219;0.951;-0.217;-0.705;0.000;0.709
57.674;-16.670;2.080;-64.259;-0.749;-0.311;-0.584;-0.246;0.950;-0.191;-0.615;0.000;0.789
57.804;-16.670;2.080;-64.259;-0.843;-0.303;-0.444;-0.268;0.953;-0.141;-0.466;0.000;0.885
57.933;-16.670;2.080;-64.259;-0.942;-0.256;-0.219;-0.249;0.967;-0.058;-0.227;0.000;0.974
58.061;-16.670;2.080;-64.259;-0.942;-0.256;-0.219;-0.249;0.967;-0.058;-0.227;0.000;0.974
58.190;-16.670;2.080;-64.259;-0.942;-0.256;-0.219;-0.249;0.967;-0.058;-0.227;0.000;0.974
58.321;-16.670;2.080;-64.259;-0.942;-0.256;-0.219;-0.249;0.967;-0.058;-0.227;0.000;0.974
58.452;-16.670;2.080;-64.259;-0.942;-0.256;-0.219;-0.249;0.967;-0.058;-0.227;0.000;0.974
58.581;-16.670;2.080;-64.259;-0.962;-0.251;-0.106;-0.250;0.968;-0.028;-0.110;0.000;0.994
58.709;-16.670;2.080;-64.259;-0.978;-0.184;-0.102;-0.183;0.983;-0.019;-0.104;0.000;0.995
58.838;-16.670;2.080;-64.259;-0.986;-0.133;-0.101;-0.132;0.991;-0.014;-0.102;0.000;0.995
58.966;-16.869;2.080;-64.242;-0.990;-0.099;-0.100;-0.099;0.995;-0.010;-0.101;0.000;0.995
59.101;-16.869;2.080;-64.242;-0.994;-0.034;-0.109;-0.034;0.999;-0.004;-0.109;0.000;0.994
59.230;-16.869;2.080;-64.242;-0.993;0.005;-0.122;0.005;1.000;0.001;-0.122;0.000;0.993
59.363;-16.869;2.080;-64.242;-0.992;0.011;-0.122;0.011;1.000;0.001;-0.122;0.000;0.993
59.493;-16.934;2.080;-64.250;-0.992;0.011;-0.122;0.011;1.000;0.001;-0.122;0.000;0.993
59.622;-17.285;2.080;-64.293;-0.992;0.011;-0.122;0.011;1.000;0.001;-0.122;0.000;0.993
59.751;-17.927;2.080;-64.371;-0.993;0.011;-0.119;0.011;1.000;0.001;-0.119;0.000;0.993
59.880;-18.700;2.080;-64.463;-0.993;0.011;-0.119;0.011;1.000;0.001;-0.119;0.000;0.993
60.009;-19.469;2.080;-64.555;-0.993;0.011;-0.119;0.011;1.000;0.001;-0.119;0.000;0.993
60.143;-20.265;2.080;-64.652;-0.992;0.011;-0.122;0.010;1.000;0.001;-0.122;0.000;0.993
60.272;-21.034;2.080;-64.746;-0.993;0.010;-0.121;0.010;1.000;0.001;-0.121;0.000;0.993
60.403;-21.814;2.080;-64.834;-0.995;0.010;-0.103;0.010;1.000;0.001;-0.103;0.000;0.995
