3.287;-25.700;4.488;-22.900;0.000;0.000;1.000;0.000;1.000;0.000;1.000;0.000;0.000
3.392;-25.700;3.066;-22.900;0.000;0.000;1.000;0.000;1.000;0.000;1.000;0.000;0.000
3.494;-25.700;2.442;-22.900;0.000;0.000;1.000;0.000;1.000;0.000;1.000;0.000;0.000
3.597;-25.700;2.440;-22.900;0.000;0.000;1.000;0.000;1.000;0.000;1.000;0.000;0.000
3.698;-25.700;2.440;-22.900;0.000;0.000;1.000;0.000;1.000;0.000;1.000;0.000;0.000
3.800;-25.700;2.439;-22.900;-0.381;0.201;0.902;0.078;0.979;-0.186;0.921;0.000;0.389
3.901;-25.700;2.439;-22.900;-0.906;0.179;0.384;0.165;0.984;-0.070;0.390;0.000;0.921
4.005;-25.700;2.439;-22.900;-0.940;0.183;0.289;0.175;0.983;-0.054;0.294;0.000;0.956
4.110;-25.700;2.439;-22.900;-0.973;0.196;0.120;0.195;0.981;-0.024;0.123;0.000;0.992
4.212;-25.700;2.437;-22.900;-0.981;0.196;-0.002;0.196;0.981;0.000;-0.002;0.000;1.000
4.315;-25.700;2.437;-22.900;-0.977;0.196;-0.085;0.196;0.981;0.017;-0.087;0.000;0.996
4.415;-25.700;2.437;-22.900;-0.975;0.196;-0.101;0.195;0.981;0.020;-0.103;0.000;0.995
4.518;-25.700;2.437;-22.900;-0.975;0.196;-0.101;0.195;0.981;0.020;-0.103;0.000;0.995
4.621;-25.700;2.437;-22.900;-0.975;0.196;-0.101;0.195;0.981;0.020;-0.103;0.000;0.995
4.798;-25.700;2.437;-22.900;-0.975;0.196;-0.101;0.195;0.981;0.020;-0.103;0.000;0.995
4.901;-25.700;2.237;-22.900;-0.975;0.196;-0.101;0.195;0.981;0.020;-0.103;0.000;0.995
5.006;-25.700;2.237;-22.900;-0.975;0.196;-0.101;0.195;0.981;0.020;-0.103;0.000;0.995
5.112;-25.700;2.237;-22.900;-0.975;0.196;-0.101;0.195;0.981;0.020;-0.103;0.000;0.995
5.214;-25.700;2.237;-22.900;-0.975;0.196;-0.101;0.195;0.981;0.020;-0.103;0.000;0.995
5.316;-25.700;2.237;-22.900;-0.975;0.196;-0.101;0.195;0.981;0.020;-0.103;0.000;0.995
5.422;-25.700;2.234;-22.900;-0.975;0.196;-0.101;0.195;0.981;0.020;-0.103;0.000;0.995
5.527;-25.700;2.233;-22.900;-0.975;0.196;-0.101;0.195;0.981;0.020;-0.103;0.000;0.995
5.633;-25.700;2.233;-22.900;-0.975;0.196;-0.101;0.195;0.981;0.020;-0.103;0.000;0.995
5.734;-25.700;2.233;-22.900;-0.975;0.196;-0.101;0.195;0.981;0.020;-0.103;0.000;0.995
5.836;-25.700;2.233;-22.900;-0.975;0.196;-0.101;0.195;0.981;0.020;-0.103;0.000;0.995
5.940;-25.700;2.233;-22.900;-0.975;0.196;-0.101;0.195;0.981;0.020;-0.103;0.000;0.995
6.045;-25.700;2.232;-22.900;-0.975;0.196;-0.101;0.195;0.981;0.020;-0.103;0.000;0.995
6.150;-25.700;2.232;-22.900;-0.975;0.196;-0.101;0.195;0.981;0.020;-0.103;0.000;0.995
6.360;-25.700;2.232;-22.900;-0.975;0.196;-0.101;0.195;0.981;0.020;-0.103;0.000;0.995
6.463;-25.700;2.080;-22.900;0.003;0.986;0.165;-0.020;0.165;-0.986;1.000;0.000;-0.020
6.568;-25.700;2.080;-22.900;0.156;0.824;0.544;-0.227;0.566;-0.792;0.961;0.000;-0.276
6.671;-25.700;2.080;-22.900;0.161;0.812;0.561;-0.224;0.583;-0.781;0.961;0.000;-0.276
6.774;-25.700;2.080;-22.900;0.155;0.812;0.563;-0.215;0.583;-0.783;0.964;0.000;-0.265
6.874;-25.700;2.080;-22.900;0.329;0.367;0.870;-0.130;0.930;-0.343;0.935;0.000;-0.354
6.979;-25.700;2.080;-22.900;0.310;-0.258;0.915;0.083;0.966;0.244;0.947;0.000;-0.321
7.083;-25.700;2.080;-22.900;0.310;-0.258;0.915;0.083;0.966;0.244;0.947;0.000;-0.321
7.188;-25.700;2.080;-22.900;0.310;-0.258;0.915;0.083;0.966;0.244;0.947;0.000;-0.321
7.291;-25.700;2.080;-22.900;0.433;-0.265;0.862;0.119;0.964;0.236;0.893;0.000;-0.449
7.393;-25.700;2.080;-22.900;0.976;-0.215;-0.035;0.215;0.977;-0.008;-0.036;0.000;-0.999
7.500;-25.700;2.080;-22.900;0.975;-0.215;-0.063;0.215;0.977;-0.014;-0.064;0.000;-0.998
7.604;-25.700;2.080;-22.900;0.975;-0.215;-0.063;0.215;0.977;-0.014;-0.064;0.000;-0.998
7.706;-25.700;2.080;-22.900;0.698;-0.215;-0.683;0.154;0.977;-0.151;-0.700;0.000;-0.715
7.809;-25.700;2.080;-22.900;0.293;-0.252;-0.922;0.076;0.968;-0.240;-0.953;0.000;-0.302
7.910;-25.700;2.080;-22.900;0.231;-0.252;-0.940;0.060;0.968;-0.245;-0.971;0.000;-0.238
8.012;-25.705;2.080;-22.901;0.206;-0.252;-0.945;0.054;0.968;-0.246;-0.977;0.000;-0.213
8.118;-25.844;2.080;-22.937;0.206;-0.252;-0.945;0.054;0.968;-0.246;-0.977;0.000;-0.213
8.223;-25.989;2.080;-23.123;0.206;-0.252;-0.945;0.054;0.968;-0.246;-0.977;0.000;-0.213
8.329;-25.930;2.080;-23.469;0.206;-0.252;-0.945;0.054;0.968;-0.246;-0.977;0.000;-0.213
8.432;-25.799;2.080;-23.987;0.297;-0.212;-0.931;0.064;0.977;-0.202;-0.953;0.000;-0.304
8.535;-25.580;2.080;-24.567;0.372;-0.212;-0.904;0.081;0.977;-0.196;-0.925;0.000;-0.381
8.636;-25.346;2.080;-25.129;0.378;-0.212;-0.901;0.082;0.977;-0.195;-0.922;0.000;-0.386
8.741;-25.101;2.080;-25.712;0.378;-0.206;-0.902;0.080;0.979;-0.190;-0.922;0.000;-0.386
8.847;-24.855;2.080;-26.300;0.378;-0.206;-0.902;0.080;0.979;-0.190;-0.922;0.000;-0.386
8.954;-24.616;2.080;-26.871;0.378;-0.206;-0.902;0.080;0.979;-0.190;-0.922;0.000;-0.386
9.060;-24.387;2.080;-27.484;0.269;-0.137;-0.953;0.037;0.991;-0.132;-0.962;0.000;-0.271
9.164;-24.241;2.080;-28.085;0.223;-0.137;-0.965;0.031;0.991;-0.133;-0.974;0.000;-0.226
9.266;-24.133;2.080;-28.693;0.124;-0.137;-0.983;0.017;0.991;-0.136;-0.992;0.000;-0.125
9.371;-24.061;2.080;-29.313;0.113;-0.137;-0.984;0.016;0.991;-0.136;-0.993;0.000;-0.114
9.475;-23.990;2.080;-29.932;0.113;-0.137;-0.984;0.016;0.991;-0.136;-0.993;0.000;-0.114
9.579;-23.918;2.080;-30.554;0.113;-0.137;-0.984;0.016;0.991;-0.136;-0.993;0.000;-0.114
9.681;-23.849;2.080;-31.160;0.113;-0.137;-0.984;0.016;0.991;-0.136;-0.993;0.000;-0.114
9.784;-23.780;2.080;-31.775;0.107;-0.137;-0.985;0.015;0.991;-0.136;-0.994;0.000;-0.108
9.889;-23.711;2.080;-32.409;0.107;-0.142;-0.984;0.015;0.990;-0.142;-0.994;0.000;-0.108
9.991;-23.644;2.080;-33.021;0.107;-0.142;-0.984;0.015;0.990;-0.142;-0.994;0.000;-0.108
10.097;-23.577;2.080;-33.639;0.107;-0.142;-0.984;0.015;0.990;-0.142;-0.994;0.000;-0.108
10.200;-23.510;2.080;-34.253;0.107;-0.142;-0.984;0.015;0.990;-0.142;-0.994;0.000;-0.108
10.302;-23.443;2.080;-34.863;0.107;-0.142;-0.984;0.015;0.990;-0.142;-0.994;0.000;-0.108
10.406;-23.412;2.080;-35.488;0.007;-0.172;-0.985;0.001;0.985;-0.172;-1.000;0.000;-0.007
10.508;-23.434;2.080;-36.102;-0.070;-0.189;-0.979;-0.013;0.982;-0.189;-0.997;0.000;0.071
10.611;-23.419;2.080;-36.728;-0.109;-0.200;-0.974;-0.022;0.980;-0.199;-0.994;0.000;0.112
10.717;-23.217;2.080;-37.385;-0.115;-0.200;-0.973;-0.024;0.980;-0.199;-0.993;0.000;0.118
10.818;-22.948;2.080;-38.029;-0.115;-0.206;-0.972;-0.024;0.979;-0.204;-0.993;0.000;0.118
10.922;-22.728;2.080;-38.699;-0.194;-0.271;-0.943;-0.055;0.963;-0.265;-0.980;0.000;0.201
11.023;-22.730;2.080;-39.332;-0.305;-0.343;-0.888;-0.112;0.939;-0.325;-0.946;0.000;0.325
11.124;-22.902;2.080;-39.912;-0.310;-0.343;-0.886;-0.113;0.939;-0.324;-0.944;0.000;0.330
11.231;-22.973;2.080;-40.563;-0.310;-0.343;-0.886;-0.113;0.939;-0.324;-0.944;0.000;0.330
11.332;-22.871;2.080;-41.240;-0.370;-0.296;-0.881;-0.115;0.955;-0.273;-0.922;0.000;0.387
11.435;-22.691;2.080;-42.036;-0.490;-0.147;-0.859;-0.073;0.989;-0.127;-0.868;0.000;0.496
11.538;-22.491;2.080;-42.851;-0.496;-0.147;-0.856;-0.074;0.989;-0.127;-0.865;0.000;0.501
11.643;-22.479;2.080;-43.619;-0.579;-0.073;-0.812;-0.042;0.997;-0.059;-0.814;0.000;0.581
11.747;-22.678;2.080;-44.243;-0.605;-0.073;-0.793;-0.044;0.997;-0.058;-0.795;0.000;0.606
11.851;-23.027;2.080;-44.762;-0.609;-0.073;-0.790;-0.044;0.997;-0.058;-0.792;0.000;0.611
11.955;-23.395;2.080;-45.240;-0.609;-0.073;-0.790;-0.044;0.997;-0.058;-0.792;0.000;0.611
12.055;-23.642;2.080;-45.560;-0.609;-0.073;-0.790;-0.044;0.997;-0.058;-0.792;0.000;0.611
12.161;-23.785;2.080;-45.745;-0.609;-0.073;-0.790;-0.044;0.997;-0.058;-0.792;0.000;0.611
12.266;-23.859;2.080;-45.752;-0.439;-0.125;-0.890;-0.055;0.992;-0.112;-0.897;0.000;0.442
12.370;-24.087;2.080;-45.677;-0.189;-0.192;-0.963;-0.037;0.981;-0.189;-0.981;0.000;0.193
12.470;-24.503;2.080;-45.630;-0.054;-0.206;-0.977;-0.011;0.979;-0.205;-0.998;0.000;0.055
12.572;-25.105;2.080;-45.635;0.038;-0.206;-0.978;0.008;0.979;-0.205;-0.999;0.000;-0.039
12.674;-25.718;2.080;-45.672;0.076;-0.206;-0.976;0.016;0.979;-0.205;-0.997;0.000;-0.077
12.778;-26.280;2.080;-45.817;0.340;-0.195;-0.920;0.068;0.981;-0.183;-0.938;0.000;-0.347
12.880;-26.572;2.080;-46.110;0.437;-0.195;-0.878;0.087;0.981;-0.174;-0.895;0.000;-0.446
12.986;-26.583;2.080;-46.520;0.500;-0.195;-0.844;0.099;0.981;-0.168;-0.860;0.000;-0.510
13.087;-26.335;2.080;-46.963;0.578;-0.195;-0.792;0.115;0.981;-0.157;-0.808;0.000;-0.589
13.195;-26.408;2.080;-47.040;0.649;-0.195;-0.736;0.129;0.981;-0.146;-0.750;0.000;-0.661
13.306;-26.569;2.080;-47.223;0.687;-0.195;-0.700;0.136;0.981;-0.139;-0.714;0.000;-0.701
13.414;-26.847;2.080;-47.498;0.858;-0.270;-0.438;0.240;0.963;-0.123;-0.454;0.000;-0.891
13.515;-27.170;2.080;-47.864;0.905;-0.270;-0.328;0.254;0.963;-0.092;-0.341;0.000;-0.940
13.641;-27.576;2.080;-48.255;0.918;-0.270;-0.291;0.257;0.963;-0.081;-0.302;0.000;-0.953
13.767;-27.849;2.080;-48.544;0.918;-0.270;-0.291;0.257;0.963;-0.081;-0.302;0.000;-0.953
13.867;-27.813;2.080;-48.494;-0.927;0.142;0.348;0.133;0.990;-0.050;0.352;0.000;0.936
13.988;-27.833;2.080;-48.488;-0.970;0.215;-0.117;0.213;0.977;0.026;-0.120;0.000;0.993
14.103;-28.052;2.080;-48.560;-0.925;0.215;-0.314;0.204;0.977;0.069;-0.321;0.000;0.947
14.210;-28.418;2.080;-48.398;-0.457;0.510;0.728;0.271;0.860;-0.432;0.847;0.000;0.532
14.312;-28.309;2.080;-47.809;0.198;0.525;0.827;-0.122;0.851;-0.511;0.972;0.000;-0.233
14.419;-27.730;2.080;-47.548;0.749;0.501;0.435;-0.433;0.866;-0.251;0.502;0.000;-0.865
14.529;-27.373;2.080;-47.388;0.796;0.475;0.375;-0.430;0.880;-0.202;0.426;0.000;-0.905
14.648;-26.823;2.080;-47.309;0.997;-0.078;0.006;0.078;0.997;0.000;0.006;0.000;-1.000
14.758;-26.486;2.080;-47.121;0.535;-0.837;-0.114;0.819;0.547;-0.175;-0.209;0.000;-0.978
14.881;-26.145;2.080;-46.853;0.363;-0.929;-0.073;0.911;0.370;-0.184;-0.198;0.000;-0.980
14.982;-25.849;2.792;-46.565;0.205;-0.977;0.056;0.943;0.212;0.257;0.263;0.000;-0.965
15.086;-25.245;3.187;-46.374;0.217;-0.973;0.076;0.918;0.230;0.323;0.332;0.000;-0.943
15.187;-24.661;3.077;-46.154;0.396;-0.906;0.149;0.848;0.423;0.319;0.353;0.000;-0.936
15.292;-24.073;2.858;-45.932;0.457;-0.873;0.172;0.817;0.489;0.308;0.352;0.000;-0.936
15.393;-23.501;2.542;-45.716;0.497;-0.847;0.187;0.793;0.531;0.299;0.352;0.000;-0.936
15.498;-22.921;2.490;-45.492;0.540;-0.814;0.212;0.758;0.580;0.298;0.366;0.000;-0.931
15.600;-22.351;2.490;-45.257;0.806;-0.488;0.334;0.451;0.873;0.187;0.383;0.000;-0.924
15.703;-21.783;2.490;-45.025;0.864;-0.380;0.329;0.355;0.925;0.135;0.356;0.000;-0.935
15.807;-21.171;2.490;-44.873;0.939;-0.314;0.138;0.310;0.950;0.046;0.146;0.000;-0.989
15.908;-20.565;2.490;-44.908;0.920;-0.314;-0.234;0.304;0.950;-0.077;-0.246;0.000;-0.969
16.010;-19.984;2.490;-45.081;0.906;-0.314;-0.284;0.299;0.950;-0.094;-0.299;0.000;-0.954
16.117;-19.396;2.490;-45.279;0.899;-0.314;-0.307;0.297;0.950;-0.101;-0.323;0.000;-0.946
16.221;-18.788;2.490;-45.487;0.899;-0.314;-0.307;0.297;0.950;-0.101;-0.323;0.000;-0.946
16.322;-18.216;2.490;-45.685;0.895;-0.314;-0.318;0.296;0.950;-0.105;-0.335;0.000;-0.942
16.423;-17.639;2.489;-45.890;0.895;-0.314;-0.318;0.296;0.950;-0.105;-0.335;0.000;-0.942
16.524;-17.076;2.489;-46.115;0.895;-0.314;-0.318;0.296;0.950;-0.105;-0.335;0.000;-0.942
16.627;-16.564;2.489;-46.494;0.895;-0.314;-0.318;0.296;0.950;-0.105;-0.335;0.000;-0.942
16.732;-16.059;2.489;-47.017;0.918;-0.356;-0.173;0.350;0.935;-0.066;-0.185;0.000;-0.983
16.832;-15.519;2.489;-47.470;0.925;-0.356;-0.133;0.352;0.935;-0.051;-0.142;0.000;-0.990
16.935;-14.937;2.489;-47.731;0.926;-0.356;-0.122;0.353;0.935;-0.047;-0.131;0.000;-0.991
17.038;-14.312;2.488;-47.828;0.928;-0.356;-0.112;0.353;0.935;-0.043;-0.120;0.000;-0.993
17.142;-13.851;2.488;-47.882;0.928;-0.356;-0.107;0.354;0.935;-0.041;-0.114;0.000;-0.993
17.245;-13.578;2.488;-47.921;0.862;-0.401;-0.311;0.377;0.916;-0.136;-0.339;0.000;-0.941
17.348;-13.620;2.498;-47.979;0.158;-0.712;-0.684;0.161;0.702;-0.694;-0.974;0.000;-0.225
17.453;-13.620;2.498;-47.979;0.149;-0.712;-0.686;0.151;0.702;-0.696;-0.977;0.000;-0.212
17.557;-13.620;2.498;-47.979;0.149;-0.712;-0.686;0.151;0.702;-0.696;-0.977;0.000;-0.212
17.662;-13.678;2.498;-47.955;-0.330;-0.641;-0.693;-0.276;0.768;-0.579;-0.903;0.000;0.430
17.769;-13.912;2.498;-47.839;-0.341;-0.641;-0.688;-0.284;0.768;-0.574;-0.896;0.000;0.444
17.871;-14.317;2.498;-47.639;-0.341;-0.641;-0.688;-0.284;0.768;-0.574;-0.896;0.000;0.444
17.973;-14.877;2.498;-47.433;-0.342;-0.571;-0.747;-0.238;0.821;-0.519;-0.909;0.000;0.416
18.075;-15.532;2.497;-47.442;-0.290;-0.468;-0.835;-0.153;0.884;-0.442;-0.945;0.000;0.328
18.177;-16.225;2.497;-47.690;-0.167;-0.367;-0.915;-0.066;0.930;-0.361;-0.984;0.000;0.180
18.279;-16.715;2.496;-48.231;0.020;-0.267;-0.964;0.006;0.964;-0.267;-1.000;0.000;-0.021
18.383;-16.804;2.496;-48.895;0.347;-0.111;-0.931;0.039;0.994;-0.104;-0.937;0.000;-0.349
18.485;-16.642;2.495;-49.479;0.375;-0.105;-0.921;0.040;0.994;-0.097;-0.926;0.000;-0.377
18.589;-16.410;2.495;-50.073;0.310;-0.095;-0.946;0.029;0.996;-0.090;-0.950;0.000;-0.312
18.690;-16.267;2.495;-50.665;0.197;-0.096;-0.976;0.019;0.995;-0.094;-0.980;0.000;-0.198
18.797;-16.168;2.495;-51.278;0.097;-0.175;-0.980;0.017;0.985;-0.174;-0.995;0.000;-0.098
18.898;-16.134;2.494;-51.885;0.039;-0.242;-0.970;0.010;0.970;-0.241;-0.999;0.000;-0.040
18.999;-16.109;2.494;-52.493;0.039;-0.242;-0.970;0.010;0.970;-0.241;-0.999;0.000;-0.040
19.102;-16.085;2.494;-53.099;0.039;-0.242;-0.970;0.010;0.970;-0.241;-0.999;0.000;-0.040
19.202;-16.059;2.494;-53.713;0.052;-0.272;-0.961;0.015;0.962;-0.272;-0.999;0.000;-0.054
19.304;-16.006;2.492;-54.333;0.096;-0.284;-0.954;0.028;0.959;-0.283;-0.995;0.000;-0.100
19.409;-15.943;2.492;-54.959;0.096;-0.284;-0.954;0.028;0.959;-0.283;-0.995;0.000;-0.100
19.510;-15.885;2.492;-55.558;0.071;-0.278;-0.958;0.021;0.961;-0.277;-0.997;0.000;-0.074
19.617;-15.897;2.492;-56.190;-0.115;-0.278;-0.954;-0.033;0.961;-0.276;-0.993;0.000;0.119
19.721;-16.025;2.491;-56.805;-0.240;-0.278;-0.930;-0.069;0.961;-0.269;-0.968;0.000;0.249
19.822;-16.183;2.491;-57.402;-0.246;-0.278;-0.929;-0.071;0.961;-0.269;-0.967;0.000;0.256
19.935;-16.330;2.491;-57.958;-0.246;-0.278;-0.929;-0.071;0.961;-0.269;-0.967;0.000;0.256
20.037;-16.511;2.487;-58.645;-0.246;-0.278;-0.929;-0.071;0.961;-0.269;-0.967;0.000;0.256
20.140;-16.663;2.486;-59.241;-0.185;-0.354;-0.917;-0.070;0.935;-0.347;-0.980;0.000;0.198
20.245;-16.739;2.486;-59.871;-0.073;-0.400;-0.913;-0.032;0.916;-0.399;-0.997;0.000;0.080
20.349;-16.774;2.486;-60.487;-0.047;-0.400;-0.915;-0.021;0.916;-0.400;-0.999;0.000;0.052
20.449;-16.804;2.486;-61.077;-0.047;-0.400;-0.915;-0.021;0.916;-0.400;-0.999;0.000;0.052
20.555;-16.825;2.484;-61.676;-0.007;-0.391;-0.921;-0.003;0.921;-0.391;-1.000;0.000;0.008
20.655;-16.810;2.483;-62.326;0.025;-0.391;-0.920;0.011;0.921;-0.390;-1.000;0.000;-0.027
20.757;-16.791;2.481;-62.946;0.035;-0.384;-0.923;0.014;0.923;-0.384;-0.999;0.000;-0.037
20.863;-16.803;2.481;-63.570;0.035;-0.373;-0.927;0.014;0.928;-0.373;-0.999;0.000;-0.037
20.965;-16.958;2.476;-64.111;0.035;-0.352;-0.935;0.013;0.936;-0.352;-0.999;0.000;-0.037
21.081;-17.015;2.456;-64.828;0.194;0.033;-0.981;-0.006;0.999;0.032;-0.981;0.000;-0.194
21.187;-16.883;2.445;-65.520;0.194;0.033;-0.981;-0.006;0.999;0.032;-0.981;0.000;-0.194
21.294;-16.760;2.445;-66.145;0.194;0.033;-0.981;-0.006;0.999;0.032;-0.981;0.000;-0.194
21.395;-16.661;2.445;-66.750;0.194;0.033;-0.981;-0.006;0.999;0.032;-0.981;0.000;-0.194
21.496;-16.716;2.445;-67.363;0.194;0.033;-0.981;-0.006;0.999;0.032;-0.981;0.000;-0.194
21.597;-16.939;2.445;-68.019;0.092;-0.035;-0.995;0.003;0.999;-0.035;-0.996;0.000;-0.092
21.698;-17.084;2.444;-68.625;0.011;-0.070;-0.997;0.001;0.998;-0.070;-1.000;0.000;-0.011
21.803;-17.124;2.444;-69.268;-0.062;-0.088;-0.994;-0.005;0.996;-0.087;-0.998;0.000;0.062
21.903;-17.169;2.444;-69.884;-0.076;-0.088;-0.993;-0.007;0.996;-0.087;-0.997;0.000;0.076
22.004;-17.226;2.444;-70.463;-0.218;-0.167;-0.962;-0.037;0.986;-0.163;-0.975;0.000;0.221
22.107;-17.419;2.442;-71.073;-0.317;-0.244;-0.917;-0.080;0.970;-0.231;-0.945;0.000;0.327
22.209;-17.616;2.442;-71.643;-0.317;-0.244;-0.917;-0.080;0.970;-0.231;-0.945;0.000;0.327
22.312;-17.797;2.442;-72.233;-0.172;-0.344;-0.923;-0.063;0.939;-0.339;-0.983;0.000;0.183
22.417;-17.767;2.442;-72.859;0.269;-0.424;-0.865;0.126;0.906;-0.405;-0.955;0.000;-0.297
22.520;-17.691;2.442;-73.510;0.521;-0.424;-0.741;0.244;0.906;-0.347;-0.818;0.000;-0.575
22.621;-17.649;2.442;-74.270;0.578;-0.424;-0.697;0.271;0.906;-0.326;-0.769;0.000;-0.639
22.726;-17.704;2.441;-75.140;0.593;-0.424;-0.685;0.278;0.906;-0.320;-0.756;0.000;-0.655
22.830;-17.742;2.441;-76.022;0.705;-0.326;-0.629;0.243;0.945;-0.217;-0.666;0.000;-0.746
22.935;-17.486;2.441;-76.828;0.955;-0.101;-0.280;0.097;0.995;-0.028;-0.282;0.000;-0.959
23.039;-17.013;2.441;-77.618;0.967;-0.101;-0.233;0.098;0.995;-0.024;-0.234;0.000;-0.972
23.141;-16.566;2.441;-78.350;0.967;-0.101;-0.233;0.098;0.995;-0.024;-0.234;0.000;-0.972
23.244;-16.107;2.441;-79.101;0.967;-0.101;-0.233;0.098;0.995;-0.024;-0.234;0.000;-0.972
23.351;-15.647;2.441;-79.859;0.965;-0.106;-0.238;0.103;0.994;-0.026;-0.240;0.000;-0.971
23.451;-15.165;2.441;-80.475;0.960;-0.240;-0.145;0.237;0.971;-0.036;-0.150;0.000;-0.989
23.552;-14.710;2.441;-80.850;0.960;-0.255;-0.117;0.253;0.967;-0.031;-0.121;0.000;-0.993
23.654;-14.423;2.441;-81.006;0.961;-0.255;-0.112;0.253;0.967;-0.030;-0.116;0.000;-0.993
23.756;-14.301;2.441;-81.022;0.961;-0.255;-0.112;0.253;0.967;-0.030;-0.116;0.000;-0.993
23.857;-14.292;2.441;-81.022;0.911;-0.410;0.046;0.409;0.912;0.021;0.050;0.000;-0.999
23.959;-14.144;2.441;-80.994;0.877;-0.440;0.196;0.429;0.898;0.096;0.218;0.000;-0.976
24.061;-13.815;2.441;-80.915;0.873;-0.440;0.213;0.427;0.898;0.104;0.237;0.000;-0.971
24.162;-13.312;2.441;-80.792;0.873;-0.440;0.213;0.427;0.898;0.104;0.237;0.000;-0.971
24.262;-12.733;2.441;-80.651;0.901;-0.373;0.220;0.363;0.928;0.089;0.237;0.000;-0.971
24.364;-12.140;2.441;-80.506;0.901;-0.373;0.220;0.363;0.928;0.089;0.237;0.000;-0.971
24.469;-11.563;2.441;-80.365;0.901;-0.373;0.220;0.363;0.928;0.089;0.237;0.000;-0.971
24.571;-11.164;2.441;-80.268;0.901;-0.373;0.220;0.363;0.928;0.089;0.237;0.000;-0.971
24.672;-10.958;2.441;-80.222;0.908;-0.373;0.191;0.365;0.928;0.077;0.206;0.000;-0.979
24.775;-10.754;2.441;-80.181;0.910;-0.373;0.181;0.366;0.928;0.073;0.195;0.000;-0.981
24.876;-10.365;2.441;-80.111;0.915;-0.373;0.153;0.368;0.928;0.061;0.165;0.000;-0.986
24.979;-9.798;2.952;-80.019;0.916;-0.373;0.144;0.369;0.928;0.058;0.155;0.000;-0.988
25.080;-9.203;2.808;-79.926;0.917;-0.373;0.141;0.369;0.928;0.057;0.152;0.000;-0.988
25.183;-8.592;2.553;-79.832;0.917;-0.373;0.141;0.369;0.928;0.057;0.152;0.000;-0.988
25.285;-8.466;2.484;-79.738;0.917;-0.373;0.141;0.369;0.928;0.057;0.152;0.000;-0.988
25.386;-8.466;2.484;-79.657;0.917;-0.373;0.141;0.369;0.928;0.057;0.152;0.000;-0.988
25.487;-8.466;2.484;-79.604;0.917;-0.373;0.141;0.369;0.928;0.057;0.152;0.000;-0.988
25.587;-8.466;2.484;-79.593;0.833;-0.553;0.020;0.553;0.833;0.013;0.024;0.000;-1.000
25.688;-8.466;2.484;-79.593;0.579;-0.809;-0.105;0.796;0.588;-0.144;-0.178;0.000;-0.984
25.789;-8.466;2.484;-79.593;0.542;-0.835;-0.098;0.821;0.551;-0.149;-0.178;0.000;-0.984
25.893;-8.466;2.484;-79.593;0.512;-0.854;-0.094;0.840;0.520;-0.155;-0.181;0.000;-0.983
25.995;-8.466;2.484;-79.593;0.509;-0.856;-0.094;0.842;0.517;-0.155;-0.181;0.000;-0.983
26.097;-8.466;2.484;-79.593;0.499;-0.860;-0.109;0.840;0.510;-0.184;-0.214;0.000;-0.977
26.202;-8.466;2.484;-79.593;0.418;-0.634;-0.650;0.343;0.773;-0.534;-0.841;0.000;-0.541
26.302;-8.466;2.484;-79.593;-0.387;-0.370;-0.845;-0.154;0.929;-0.336;-0.909;0.000;0.417
26.406;-8.466;2.484;-79.593;-0.501;-0.312;-0.807;-0.165;0.950;-0.265;-0.850;0.000;0.528
26.507;-8.466;2.484;-79.593;-0.501;-0.312;-0.807;-0.165;0.950;-0.265;-0.850;0.000;0.528
26.608;-8.466;2.484;-79.593;-0.912;-0.239;-0.334;-0.224;0.971;-0.082;-0.343;0.000;0.939
26.711;-8.469;2.484;-79.593;-0.969;-0.234;-0.077;-0.233;0.972;-0.018;-0.079;0.000;0.997
26.812;-8.598;2.484;-79.599;-0.971;-0.234;-0.040;-0.234;0.972;-0.010;-0.041;0.000;0.999
26.916;-8.921;2.484;-79.612;-0.971;-0.234;-0.040;-0.234;0.972;-0.010;-0.041;0.000;0.999
27.018;-9.426;2.994;-79.633;-0.971;-0.234;-0.040;-0.234;0.972;-0.010;-0.041;0.000;0.999
27.120;-10.047;3.146;-79.659;-0.971;-0.234;-0.040;-0.234;0.972;-0.010;-0.041;0.000;0.999
27.223;-10.658;2.940;-79.692;-0.968;-0.229;-0.099;-0.228;0.973;-0.023;-0.102;0.000;0.995
27.324;-11.234;2.632;-79.917;-0.944;-0.229;-0.237;-0.222;0.973;-0.056;-0.244;0.000;0.970
27.424;-11.756;2.471;-80.342;-0.944;-0.229;-0.237;-0.222;0.973;-0.056;-0.244;0.000;0.970
27.529;-12.295;2.471;-80.800;-0.961;-0.269;-0.070;-0.268;0.963;-0.020;-0.073;0.000;0.997
27.635;-12.922;2.471;-80.954;-0.959;-0.279;0.054;-0.279;0.960;0.016;0.056;0.000;0.998
27.739;-13.529;2.471;-80.881;-0.942;-0.285;0.180;-0.280;0.958;0.053;0.187;0.000;0.982
27.840;-14.132;2.470;-80.766;-0.942;-0.285;0.180;-0.280;0.958;0.053;0.187;0.000;0.982
27.946;-14.748;2.467;-80.648;-0.942;-0.285;0.180;-0.280;0.958;0.053;0.187;0.000;0.982
28.050;-15.370;2.465;-80.529;-0.942;-0.285;0.180;-0.280;0.958;0.053;0.187;0.000;0.982
28.152;-15.970;2.465;-80.415;-0.942;-0.285;0.180;-0.280;0.958;0.053;0.187;0.000;0.982
28.256;-16.567;2.464;-80.278;-0.868;-0.285;0.407;-0.258;0.958;0.121;0.424;0.000;0.905
28.365;-16.825;2.454;-79.778;-0.219;-0.372;0.902;-0.088;0.928;0.361;0.972;0.000;0.236
28.469;-16.912;2.442;-79.421;-0.216;-0.403;0.889;-0.095;0.915;0.392;0.972;0.000;0.236
28.569;-16.953;2.432;-79.253;-0.216;-0.403;0.889;-0.095;0.915;0.392;0.972;0.000;0.236
28.670;-16.982;2.420;-79.134;-0.216;-0.403;0.889;-0.095;0.915;0.392;0.972;0.000;0.236
28.774;-17.055;2.412;-78.832;-0.225;0.302;0.926;0.071;0.953;-0.293;0.972;0.000;0.236
28.879;-17.180;2.406;-78.317;-0.203;0.509;0.836;0.120;0.861;-0.494;0.972;0.000;0.236
28.985;-17.331;2.406;-77.700;-0.203;0.509;0.836;0.120;0.861;-0.494;0.972;0.000;0.236
29.092;-17.478;2.406;-77.095;-0.223;0.330;0.917;0.078;0.944;-0.321;0.972;0.000;0.236
29.194;-17.621;2.400;-76.507;-0.233;0.167;0.958;0.039;0.986;-0.162;0.972;0.000;0.236
29.296;-17.765;2.389;-75.914;-0.232;-0.199;0.952;-0.047;0.980;0.193;0.972;0.000;0.236
29.398;-17.909;2.378;-75.323;-0.230;-0.228;0.946;-0.054;0.974;0.221;0.972;0.000;0.236
29.505;-18.041;2.366;-74.677;-0.460;-0.418;0.783;-0.212;0.908;0.361;0.862;0.000;0.506
29.605;-18.228;2.362;-74.042;-0.620;-0.466;0.631;-0.327;0.885;0.332;0.713;0.000;0.701
29.712;-18.343;2.353;-73.237;-0.634;-0.466;0.617;-0.334;0.885;0.325;0.697;0.000;0.717
29.815;-18.359;2.348;-72.371;-0.634;-0.466;0.617;-0.334;0.885;0.325;0.697;0.000;0.717
29.926;-18.132;2.339;-71.497;-0.239;-0.227;0.944;-0.056;0.974;0.220;0.969;0.000;0.246
30.042;-17.696;2.327;-70.704;-0.240;-0.224;0.945;-0.055;0.975;0.217;0.969;0.000;0.246
30.152;-17.452;2.314;-69.931;-0.238;-0.252;0.938;-0.062;0.968;0.244;0.969;0.000;0.246
30.255;-17.399;2.301;-69.406;-0.237;-0.270;0.933;-0.066;0.963;0.262;0.969;0.000;0.246
30.362;-17.457;2.290;-69.109;-0.237;-0.270;0.933;-0.066;0.963;0.262;0.969;0.000;0.246
30.470;-17.492;2.280;-68.972;-0.237;-0.270;0.933;-0.066;0.963;0.262;0.969;0.000;0.246
30.573;-17.558;2.271;-68.708;-0.237;-0.270;0.933;-0.066;0.963;0.262;0.969;0.000;0.246
30.682;-17.662;2.263;-68.301;-0.237;-0.270;0.933;-0.066;0.963;0.262;0.969;0.000;0.246
30.786;-17.721;2.256;-68.067;-0.241;0.196;0.951;0.048;0.981;-0.190;0.969;0.000;0.246
30.893;-17.734;2.251;-68.016;-0.244;0.109;0.964;0.027;0.994;-0.105;0.969;0.000;0.246
31.001;-17.734;2.248;-68.016;-0.246;0.031;0.969;0.008;1.000;-0.030;0.969;0.000;0.246
31.102;-17.734;2.245;-68.016;-0.406;-0.054;0.913;-0.022;0.999;0.049;0.914;0.000;0.406
31.208;-17.734;2.239;-68.016;-0.896;-0.407;-0.177;-0.399;0.914;-0.079;-0.194;0.000;0.981
31.311;-17.737;2.237;-68.012;-0.769;-0.425;-0.479;-0.360;0.905;-0.224;-0.529;0.000;0.849
31.414;-17.815;2.237;-67.894;-0.750;-0.425;-0.508;-0.351;0.905;-0.238;-0.561;0.000;0.828
31.519;-18.014;2.236;-67.614;-0.723;-0.425;-0.546;-0.339;0.905;-0.256;-0.603;0.000;0.798
31.619;-18.318;2.236;-67.214;-0.720;-0.425;-0.549;-0.337;0.905;-0.258;-0.607;0.000;0.795
31.725;-18.575;2.235;-66.631;-0.878;-0.452;-0.158;-0.445;0.892;-0.080;-0.177;0.000;0.984
31.831;-18.612;2.235;-66.023;-0.878;-0.473;0.068;-0.472;0.881;0.036;0.077;0.000;0.997
31.937;-18.498;2.231;-65.394;-0.862;-0.473;0.181;-0.463;0.881;0.097;0.205;0.000;0.979
32.046;-18.379;2.230;-64.751;-0.891;-0.451;0.049;-0.451;0.892;0.025;0.055;0.000;0.998
32.148;-18.725;2.230;-64.219;-0.706;-0.243;-0.665;-0.177;0.970;-0.167;-0.686;0.000;0.728
32.251;-19.187;2.230;-63.815;-0.569;-0.198;-0.799;-0.115;0.980;-0.161;-0.815;0.000;0.580
32.354;-19.704;2.229;-63.473;-0.527;-0.198;-0.827;-0.106;0.980;-0.167;-0.843;0.000;0.538
32.454;-20.199;2.229;-63.124;-0.701;-0.144;-0.699;-0.102;0.990;-0.101;-0.706;0.000;0.708
32.560;-20.637;2.229;-62.699;-0.765;-0.144;-0.628;-0.111;0.990;-0.091;-0.634;0.000;0.773
32.666;-21.026;2.229;-62.222;-0.774;-0.144;-0.617;-0.112;0.990;-0.090;-0.623;0.000;0.782
32.767;-21.377;2.229;-61.849;-0.799;-0.144;-0.584;-0.116;0.990;-0.085;-0.590;0.000;0.808
32.868;-21.738;2.229;-61.755;-0.808;-0.144;-0.571;-0.117;0.990;-0.083;-0.577;0.000;0.817
32.970;-22.152;2.227;-61.718;-0.915;-0.182;-0.361;-0.169;0.983;-0.067;-0.368;0.000;0.930
33.071;-22.660;2.227;-61.741;-0.976;-0.220;-0.001;-0.220;0.976;0.000;-0.001;0.000;1.000
33.178;-23.301;2.226;-61.722;-0.975;-0.220;0.034;-0.220;0.976;0.008;0.035;0.000;0.999
33.286;-23.931;2.226;-61.676;-0.940;-0.276;0.199;-0.270;0.961;0.057;0.207;0.000;0.978
33.395;-24.378;2.217;-61.209;-0.493;-0.451;0.744;-0.249;0.893;0.376;0.833;0.000;0.553
33.504;-24.916;2.214;-60.788;-0.493;-0.451;0.744;-0.249;0.893;0.376;0.833;0.000;0.553
33.614;-25.513;2.204;-60.515;-0.493;-0.451;0.744;-0.249;0.893;0.376;0.833;0.000;0.553
33.721;-26.147;2.197;-60.516;-0.493;-0.451;0.744;-0.249;0.893;0.376;0.833;0.000;0.553
33.822;-26.374;2.190;-60.516;-0.493;-0.451;0.744;-0.249;0.893;0.376;0.833;0.000;0.553
33.926;-26.374;2.180;-60.516;-0.493;-0.451;0.744;-0.249;0.893;0.376;0.833;0.000;0.553
34.027;-26.374;2.171;-60.516;-0.390;-0.232;0.891;-0.093;0.973;0.212;0.916;0.000;0.401
34.133;-26.374;2.170;-60.516;-0.385;0.286;0.878;0.115;0.958;-0.262;0.916;0.000;0.401
34.240;-26.374;2.170;-60.516;-0.385;0.286;0.878;0.115;0.958;-0.262;0.916;0.000;0.401
34.340;-26.374;2.168;-60.516;-0.385;0.286;0.878;0.115;0.958;-0.262;0.916;0.000;0.401
34.447;-26.327;2.168;-60.495;-0.385;0.286;0.878;0.115;0.958;-0.262;0.916;0.000;0.401
34.553;-26.123;2.166;-60.405;-0.390;0.241;0.889;0.097;0.971;-0.220;0.916;0.000;0.401
34.654;-26.031;2.166;-60.344;-0.626;-0.204;0.753;-0.131;0.979;0.157;0.769;0.000;0.639
34.755;-25.993;2.162;-60.383;-0.648;-0.256;0.717;-0.172;0.967;0.190;0.742;0.000;0.671
34.862;-25.814;2.159;-60.464;-0.680;-0.346;0.646;-0.251;0.938;0.238;0.689;0.000;0.725
34.965;-25.439;2.153;-60.491;-0.870;-0.493;-0.005;-0.493;0.870;-0.003;-0.006;0.000;1.000
35.069;-24.997;2.153;-60.096;-0.415;-0.511;-0.753;-0.247;0.860;-0.447;-0.876;0.000;0.483
35.173;-24.824;2.153;-59.507;-0.141;-0.490;-0.860;-0.079;0.872;-0.483;-0.987;0.000;0.162
35.281;-24.866;2.151;-59.100;0.104;-0.462;-0.881;0.054;0.887;-0.459;-0.993;0.000;-0.117
35.392;-25.049;2.148;-59.022;0.533;-0.486;-0.692;0.297;0.874;-0.385;-0.792;0.000;-0.610
35.497;-25.047;2.134;-59.030;0.937;-0.347;0.045;0.346;0.938;0.017;0.048;0.000;-0.999
35.609;-24.871;2.111;-59.058;0.887;-0.247;0.390;0.227;0.969;0.099;0.402;0.000;-0.916
35.724;-24.518;2.091;-59.229;0.611;-0.046;-0.790;0.028;0.999;-0.036;-0.791;0.000;-0.612
35.824;-24.394;2.086;-59.908;0.420;-0.069;-0.905;0.029;0.998;-0.063;-0.907;0.000;-0.421
35.924;-24.510;2.086;-60.615;0.395;-0.074;-0.916;0.029;0.997;-0.068;-0.918;0.000;-0.396
36.029;-24.792;2.085;-61.409;0.395;-0.074;-0.916;0.029;0.997;-0.068;-0.918;0.000;-0.396
36.135;-24.959;2.085;-62.194;0.562;-0.156;-0.812;0.089;0.988;-0.129;-0.823;0.000;-0.569
36.235;-24.640;2.080;-62.747;0.939;-0.234;-0.251;0.226;0.972;-0.060;-0.258;0.000;-0.966
36.340;-24.021;2.080;-62.883;0.972;-0.234;0.010;0.234;0.972;0.002;0.011;0.000;-1.000
36.441;-23.417;2.080;-62.859;0.971;-0.234;0.050;0.234;0.972;0.012;0.051;0.000;-0.999
36.544;-22.795;2.080;-62.827;0.971;-0.234;0.050;0.234;0.972;0.012;0.051;0.000;-0.999
36.651;-22.171;2.080;-62.834;0.971;-0.234;0.050;0.234;0.972;0.012;0.051;0.000;-0.999
36.754;-21.524;2.080;-63.026;0.971;-0.234;0.050;0.234;0.972;0.012;0.051;0.000;-0.999
36.858;-20.837;2.080;-63.321;0.889;-0.296;0.350;0.275;0.955;0.109;0.367;0.000;-0.930
36.959;-20.012;2.080;-63.477;0.746;-0.306;0.591;0.240;0.952;0.190;0.621;0.000;-0.784
37.064;-19.131;2.080;-63.548;0.699;-0.306;0.646;0.225;0.952;0.208;0.679;0.000;-0.735
37.171;-18.255;2.080;-63.372;0.344;-0.248;0.905;0.088;0.969;0.232;0.935;0.000;-0.356
37.277;-17.971;2.080;-62.886;-0.510;-0.093;0.855;-0.048;0.996;0.080;0.859;0.000;0.512
37.402;-18.187;2.080;-62.004;-0.681;-0.093;0.727;-0.064;0.996;0.068;0.730;0.000;0.683
37.516;-18.726;2.080;-61.557;-0.928;0.186;0.323;0.176;0.983;-0.061;0.329;0.000;0.944
37.617;-19.282;2.080;-61.349;-0.940;0.186;0.287;0.178;0.983;-0.054;0.292;0.000;0.956
37.736;-19.337;2.080;-60.763;-0.320;0.022;0.947;0.007;1.000;-0.021;0.947;0.000;0.320
37.849;-18.977;2.080;-60.018;0.105;-0.025;0.994;0.003;1.000;0.025;0.994;0.000;-0.105
37.963;-18.177;2.080;-59.519;0.336;-0.042;0.941;0.014;0.999;0.039;0.942;0.000;-0.336
38.069;-17.442;2.080;-59.094;0.408;-0.075;0.910;0.031;0.997;0.069;0.912;0.000;-0.409
38.171;-16.957;2.080;-58.640;0.406;-0.120;0.906;0.049;0.993;0.109;0.913;0.000;-0.409
38.273;-16.691;2.080;-58.089;0.279;-0.207;0.938;0.059;0.978;0.198;0.958;0.000;-0.286
38.374;-16.530;2.080;-57.515;0.256;-0.207;0.944;0.054;0.978;0.199;0.965;0.000;-0.262
38.479;-16.364;2.080;-56.900;0.245;-0.207;0.947;0.052;0.978;0.200;0.968;0.000;-0.250
38.583;-16.266;2.080;-56.297;0.114;-0.186;0.976;0.022;0.983;0.185;0.993;0.000;-0.116
38.688;-16.226;2.080;-55.664;0.036;-0.186;0.982;0.007;0.983;0.186;0.999;0.000;-0.037
38.793;-16.179;2.080;-55.040;0.013;-0.186;0.982;0.003;0.983;0.186;1.000;0.000;-0.014
38.898;-16.053;2.080;-54.410;-0.186;-0.186;0.965;-0.035;0.983;0.183;0.982;0.000;0.189
39.004;-16.192;2.080;-53.779;-0.327;-0.186;0.927;-0.062;0.983;0.176;0.943;0.000;0.333
39.112;-16.421;2.080;-53.174;-0.390;-0.186;0.902;-0.074;0.983;0.171;0.918;0.000;0.397
39.214;-16.507;2.080;-52.540;-0.390;-0.186;0.902;-0.074;0.983;0.171;0.918;0.000;0.397
39.323;-16.412;2.080;-51.791;-0.390;-0.186;0.902;-0.074;0.983;0.171;0.918;0.000;0.397
39.432;-16.130;2.080;-50.964;-0.390;-0.186;0.902;-0.074;0.983;0.171;0.918;0.000;0.397
39.534;-15.996;2.080;-50.112;-0.675;-0.230;0.701;-0.160;0.973;0.166;0.720;0.000;0.694
39.642;-16.015;2.080;-49.196;-0.708;-0.230;0.668;-0.168;0.973;0.158;0.686;0.000;0.727
39.750;-16.259;2.080;-48.436;-0.827;-0.269;0.493;-0.231;0.963;0.138;0.512;0.000;0.859
39.856;-16.684;2.080;-47.891;-0.844;-0.269;0.464;-0.235;0.963;0.129;0.482;0.000;0.876
39.958;-17.183;2.080;-47.536;-0.844;-0.269;0.464;-0.235;0.963;0.129;0.482;0.000;0.876
40.063;-17.740;2.080;-47.229;-0.840;-0.269;0.471;-0.234;0.963;0.131;0.489;0.000;0.872
40.171;-18.213;2.080;-46.780;-0.639;-0.241;0.730;-0.159;0.971;0.181;0.752;0.000;0.659
40.279;-18.538;2.080;-46.386;-0.604;-0.241;0.759;-0.150;0.971;0.188;0.782;0.000;0.623
40.389;-18.864;2.080;-45.764;-0.373;-0.241;0.896;-0.092;0.971;0.222;0.923;0.000;0.384
40.496;-19.119;2.080;-45.111;-0.348;-0.241;0.906;-0.086;0.971;0.225;0.934;0.000;0.358
40.599;-19.353;2.080;-44.504;-0.348;-0.241;0.906;-0.086;0.971;0.225;0.934;0.000;0.358
40.701;-19.667;2.080;-43.993;-0.348;-0.241;0.906;-0.086;0.971;0.225;0.934;0.000;0.358
40.808;-20.209;2.080;-43.482;-0.348;-0.241;0.906;-0.086;0.971;0.225;0.934;0.000;0.358
40.911;-20.626;2.080;-42.991;-0.370;-0.241;0.897;-0.092;0.971;0.223;0.925;0.000;0.381
41.015;-20.909;2.080;-42.428;-0.394;-0.241;0.887;-0.098;0.971;0.220;0.914;0.000;0.406
41.120;-21.172;2.080;-41.854;-0.427;-0.241;0.872;-0.106;0.971;0.216;0.898;0.000;0.440
41.229;-21.453;2.080;-41.393;-0.548;-0.241;0.801;-0.136;0.971;0.199;0.826;0.000;0.564
41.336;-21.957;2.080;-40.836;-0.719;-0.241;0.652;-0.178;0.971;0.162;0.672;0.000;0.741
41.443;-22.451;2.080;-40.428;-0.765;-0.241;0.598;-0.190;0.971;0.148;0.616;0.000;0.788
41.550;-22.958;2.080;-40.036;-0.769;-0.241;0.592;-0.191;0.971;0.147;0.610;0.000;0.792
41.656;-23.468;2.080;-39.643;-0.769;-0.241;0.592;-0.191;0.971;0.147;0.610;0.000;0.792
41.763;-23.973;2.080;-39.254;-0.769;-0.241;0.592;-0.191;0.971;0.147;0.610;0.000;0.792
41.868;-24.474;2.080;-38.869;-0.769;-0.241;0.592;-0.191;0.971;0.147;0.610;0.000;0.792
41.975;-24.984;2.080;-38.476;-0.769;-0.241;0.592;-0.191;0.971;0.147;0.610;0.000;0.792
42.082;-25.489;2.080;-38.088;-0.769;-0.241;0.592;-0.191;0.971;0.147;0.610;0.000;0.792
42.183;-25.968;2.080;-37.718;-0.769;-0.241;0.592;-0.191;0.971;0.147;0.610;0.000;0.792
42.283;-26.441;2.080;-37.354;-0.769;-0.241;0.592;-0.191;0.971;0.147;0.610;0.000;0.792
42.384;-26.922;2.080;-36.985;-0.769;-0.241;0.592;-0.191;0.971;0.147;0.610;0.000;0.792
42.485;-27.410;2.080;-36.605;-0.765;-0.241;0.598;-0.190;0.971;0.148;0.616;0.000;0.788
42.592;-27.908;2.080;-36.209;-0.757;-0.241;0.608;-0.188;0.971;0.151;0.626;0.000;0.780
42.695;-28.385;2.080;-35.824;-0.752;-0.241;0.613;-0.187;0.971;0.152;0.632;0.000;0.775
42.799;-28.860;2.080;-35.429;-0.743;-0.241;0.624;-0.184;0.971;0.155;0.643;0.000;0.766
42.900;-29.327;2.080;-35.033;-0.727;-0.241;0.643;-0.180;0.971;0.160;0.663;0.000;0.749
43.000;-29.757;2.080;-34.612;-0.680;-0.241;0.692;-0.169;0.971;0.172;0.713;0.000;0.701
43.100;-30.174;2.080;-34.182;-0.671;-0.241;0.701;-0.166;0.971;0.174;0.723;0.000;0.691
43.200;-30.593;2.080;-33.744;-0.671;-0.241;0.701;-0.166;0.971;0.174;0.723;0.000;0.691
43.302;-31.011;2.080;-33.306;-0.671;-0.241;0.701;-0.166;0.971;0.174;0.723;0.000;0.691
43.406;-31.452;2.080;-32.845;-0.671;-0.241;0.701;-0.166;0.971;0.174;0.723;0.000;0.691
43.507;-31.870;2.080;-32.408;-0.671;-0.241;0.701;-0.166;0.971;0.174;0.723;0.000;0.691
43.609;-32.294;2.080;-31.964;-0.671;-0.241;0.701;-0.166;0.971;0.174;0.723;0.000;0.691
43.711;-32.719;2.080;-31.520;-0.671;-0.241;0.701;-0.166;0.971;0.174;0.723;0.000;0.691
43.815;-33.140;2.080;-31.080;-0.671;-0.241;0.701;-0.166;0.971;0.174;0.723;0.000;0.691
43.917;-33.563;2.080;-30.638;-0.671;-0.241;0.701;-0.166;0.971;0.174;0.723;0.000;0.691
44.021;-34.005;2.080;-30.176;-0.671;-0.241;0.701;-0.166;0.971;0.174;0.723;0.000;0.691
44.125;-34.437;2.080;-29.723;-0.671;-0.241;0.701;-0.166;0.971;0.174;0.723;0.000;0.691
44.229;-34.866;2.080;-29.274;-0.671;-0.241;0.701;-0.166;0.971;0.174;0.723;0.000;0.691
44.334;-35.296;2.080;-28.825;-0.671;-0.241;0.701;-0.166;0.971;0.174;0.723;0.000;0.691
44.440;-35.740;2.080;-28.361;-0.671;-0.241;0.701;-0.166;0.971;0.174;0.723;0.000;0.691
44.542;-36.164;2.080;-27.917;-0.667;-0.241;0.705;-0.165;0.971;0.175;0.727;0.000;0.687
44.649;-36.583;2.080;-27.448;-0.639;-0.241;0.731;-0.158;0.971;0.181;0.753;0.000;0.658
44.751;-36.985;2.080;-26.976;-0.593;-0.229;0.772;-0.139;0.973;0.182;0.793;0.000;0.609
44.853;-37.273;2.080;-26.426;-0.413;-0.200;0.889;-0.084;0.980;0.182;0.907;0.000;0.421
44.953;-37.523;2.080;-25.881;-0.403;-0.200;0.893;-0.082;0.980;0.182;0.912;0.000;0.411
45.057;-37.779;2.080;-25.312;-0.403;-0.200;0.893;-0.082;0.980;0.182;0.912;0.000;0.411
45.165;-38.039;2.080;-24.757;-0.461;-0.200;0.865;-0.094;0.980;0.177;0.882;0.000;0.470
45.271;-38.388;2.080;-24.193;-0.530;-0.200;0.824;-0.108;0.980;0.168;0.841;0.000;0.541
45.373;-38.727;2.080;-23.670;-0.534;-0.200;0.822;-0.109;0.980;0.168;0.839;0.000;0.545
45.477;-39.062;2.080;-23.154;-0.534;-0.200;0.822;-0.109;0.980;0.168;0.839;0.000;0.545
45.580;-39.398;2.080;-22.636;-0.534;-0.200;0.822;-0.109;0.980;0.168;0.839;0.000;0.545
45.682;-39.731;2.080;-22.127;-0.538;-0.200;0.819;-0.110;0.980;0.167;0.836;0.000;0.549
45.787;-40.083;2.080;-21.595;-0.542;-0.200;0.816;-0.111;0.980;0.167;0.833;0.000;0.553
45.887;-40.419;2.080;-21.097;-0.551;-0.200;0.810;-0.113;0.980;0.165;0.827;0.000;0.563
45.990;-40.770;2.080;-20.580;-0.551;-0.200;0.810;-0.113;0.980;0.165;0.827;0.000;0.563
46.092;-41.112;2.080;-20.084;-0.562;-0.200;0.803;-0.115;0.980;0.164;0.819;0.000;0.573
46.193;-41.464;2.080;-19.582;-0.562;-0.200;0.803;-0.115;0.980;0.164;0.819;0.000;0.573
46.300;-41.823;2.080;-19.068;-0.562;-0.200;0.803;-0.115;0.980;0.164;0.819;0.000;0.573
