3.487;-25.700;4.488;-22.900;0.000;0.000;1.000;0.000;1.000;0.000;1.000;0.000;0.000
3.599;-25.700;3.029;-22.900;0.000;0.000;1.000;0.000;1.000;0.000;1.000;0.000;0.000
3.699;-25.700;2.426;-22.900;0.000;0.000;1.000;0.000;1.000;0.000;1.000;0.000;0.000
3.803;-25.700;2.411;-22.900;0.000;0.000;1.000;0.000;1.000;0.000;1.000;0.000;0.000
3.903;-25.700;2.411;-22.900;0.000;0.000;1.000;0.000;1.000;0.000;1.000;0.000;0.000
4.004;-25.700;2.410;-22.900;0.130;-0.991;0.002;0.991;0.130;0.016;0.016;0.000;-1.000
4.105;-25.700;2.407;-22.900;0.082;-0.992;0.097;0.643;0.127;0.756;0.762;0.000;-0.648
4.211;-25.700;2.407;-22.900;0.088;-0.987;0.132;0.546;0.158;0.822;0.833;0.000;-0.553
4.314;-25.700;2.405;-22.900;0.088;-0.957;0.276;0.291;0.289;0.912;0.953;0.000;-0.304
4.421;-25.700;2.402;-22.900;0.079;-0.950;0.301;0.240;0.311;0.919;0.968;0.000;-0.253
4.529;-25.700;2.398;-22.900;0.079;-0.950;0.301;0.240;0.311;0.919;0.968;0.000;-0.253
4.632;-25.700;2.395;-22.900;-0.095;-0.960;0.263;-0.325;0.280;0.903;0.941;0.000;0.338
4.737;-25.700;2.392;-22.900;-0.081;-0.971;0.225;-0.329;0.239;0.914;0.941;0.000;0.338
4.851;-25.700;2.392;-22.900;-0.076;-0.971;0.227;-0.308;0.239;0.921;0.948;0.000;0.318
4.953;-25.700;2.389;-22.900;-0.065;-0.971;0.230;-0.264;0.239;0.934;0.962;0.000;0.272
5.056;-25.700;2.387;-22.900;-0.054;-0.971;0.233;-0.220;0.239;0.946;0.974;0.000;0.226
5.163;-25.700;2.387;-22.900;-0.053;-0.971;0.233;-0.217;0.239;0.947;0.975;0.000;0.223
5.264;-25.700;2.381;-22.900;-0.053;-0.971;0.233;-0.217;0.239;0.947;0.975;0.000;0.223
5.370;-25.700;2.378;-22.900;-0.055;-0.969;0.239;-0.216;0.245;0.945;0.975;0.000;0.223
5.472;-25.700;2.376;-22.900;-0.055;-0.969;0.242;-0.216;0.248;0.944;0.975;0.000;0.223
5.573;-25.700;2.376;-22.900;-0.055;-0.969;0.242;-0.216;0.248;0.944;0.975;0.000;0.223
5.676;-25.700;2.373;-22.900;-0.059;-0.965;0.256;-0.215;0.263;0.941;0.975;0.000;0.223
5.779;-25.700;2.371;-22.900;-0.057;-0.964;0.260;-0.206;0.266;0.942;0.977;0.000;0.213
5.884;-25.700;2.371;-22.900;-0.037;-0.959;0.280;-0.125;0.282;0.951;0.991;0.000;0.131
5.985;-25.700;2.368;-22.900;-0.022;-0.963;0.269;-0.079;0.269;0.960;0.997;0.000;0.082
6.091;-25.700;2.365;-22.900;-0.012;-0.970;0.243;-0.050;0.243;0.969;0.999;0.000;0.051
6.192;-25.700;2.365;-22.900;0.006;-0.998;0.064;0.088;0.064;0.994;0.996;0.000;-0.089
6.296;-25.700;2.362;-22.900;0.000;-1.000;0.000;0.144;0.000;0.990;0.990;0.000;-0.144
6.402;-25.700;2.359;-22.900;0.000;-1.000;0.000;0.187;0.000;0.982;0.982;0.000;-0.187
6.502;-25.700;2.359;-22.900;0.000;-1.000;0.000;0.189;0.000;0.982;0.982;0.000;-0.189
6.603;-25.700;2.355;-22.900;0.003;-1.000;0.016;0.172;0.016;0.985;0.985;0.000;-0.172
6.706;-25.700;2.353;-22.900;0.009;-0.994;0.111;0.077;0.111;0.991;0.997;0.000;-0.077
6.810;-25.700;2.353;-22.900;-0.004;-0.971;0.240;-0.015;0.240;0.971;1.000;0.000;0.015
6.913;-25.700;2.350;-22.900;-0.007;-0.965;0.261;-0.027;0.261;0.965;1.000;0.000;0.028
7.015;-25.700;2.348;-22.900;-0.023;-0.947;0.320;-0.069;0.320;0.945;0.997;0.000;0.073
7.117;-25.700;2.348;-22.900;-0.029;-0.938;0.345;-0.078;0.346;0.935;0.997;0.000;0.083
7.220;-25.700;2.344;-22.900;-0.033;-0.929;0.368;-0.084;0.370;0.925;0.996;0.000;0.090
7.320;-25.700;2.342;-22.900;-0.034;-0.928;0.372;-0.083;0.373;0.924;0.996;0.000;0.090
7.424;-25.700;2.342;-22.900;-0.034;-0.928;0.372;-0.083;0.373;0.924;0.996;0.000;0.090
7.623;-25.700;2.338;-22.900;-0.034;-0.928;0.372;-0.083;0.373;0.924;0.996;0.000;0.090
7.725;-25.700;2.151;-22.900;-0.034;-0.928;0.372;-0.083;0.373;0.924;0.996;0.000;0.090
7.829;-25.700;2.148;-22.900;-0.034;-0.928;0.372;-0.083;0.373;0.924;0.996;0.000;0.090
7.941;-25.700;2.147;-22.900;-0.034;-0.928;0.372;-0.083;0.373;0.924;0.996;0.000;0.090
8.042;-25.700;2.145;-22.900;-0.034;-0.928;0.372;-0.083;0.373;0.924;0.996;0.000;0.090
8.145;-25.700;2.142;-22.900;-0.034;-0.928;0.372;-0.083;0.373;0.924;0.996;0.000;0.090
8.248;-25.700;2.142;-22.900;-0.034;-0.928;0.372;-0.083;0.373;0.924;0.996;0.000;0.090
8.352;-25.700;2.140;-22.900;-0.034;-0.928;0.372;-0.083;0.373;0.924;0.996;0.000;0.090
8.457;-25.700;2.138;-22.900;-0.034;-0.928;0.372;-0.083;0.373;0.924;0.996;0.000;0.090
8.562;-25.700;2.135;-22.900;-0.034;-0.928;0.372;-0.083;0.373;0.924;0.996;0.000;0.090
8.666;-25.700;2.135;-22.900;-0.034;-0.928;0.372;-0.083;0.373;0.924;0.996;0.000;0.090
8.771;-25.700;2.129;-22.900;-0.034;-0.928;0.372;-0.083;0.373;0.924;0.996;0.000;0.090
8.873;-25.700;2.126;-22.900;-0.034;-0.928;0.372;-0.083;0.373;0.924;0.996;0.000;0.090
8.976;-25.700;2.126;-22.900;-0.034;-0.928;0.372;-0.083;0.373;0.924;0.996;0.000;0.090
9.167;-25.700;2.126;-22.900;-0.034;-0.928;0.372;-0.083;0.373;0.924;0.996;0.000;0.090
9.275;-25.700;2.080;-22.900;-0.034;-0.928;0.372;-0.083;0.373;0.924;0.996;0.000;0.090
9.380;-25.700;2.080;-22.900;-0.034;-0.928;0.372;-0.083;0.373;0.924;0.996;0.000;0.090
9.480;-25.700;2.080;-22.900;-0.034;-0.928;0.372;-0.083;0.373;0.924;0.996;0.000;0.090
9.581;-25.700;2.080;-22.900;-0.034;-0.928;0.372;-0.083;0.373;0.924;0.996;0.000;0.090
9.682;-25.700;2.080;-22.900;0.588;-0.797;0.137;0.777;0.604;0.180;0.226;0.000;-0.974
9.789;-25.700;2.080;-22.900;0.540;-0.739;0.402;0.593;0.673;0.441;0.597;0.000;-0.802
9.890;-25.700;2.080;-22.900;0.229;-0.461;0.857;0.119;0.887;0.446;0.966;0.000;-0.258
9.994;-25.700;2.080;-22.900;0.203;-0.443;0.873;0.100;0.897;0.431;0.974;0.000;-0.227
10.097;-25.700;2.080;-22.900;0.203;-0.443;0.873;0.100;0.897;0.431;0.974;0.000;-0.227
10.201;-25.700;2.080;-22.900;0.355;-0.565;0.745;0.243;0.825;0.510;0.903;0.000;-0.430
10.303;-25.700;2.080;-22.900;-0.303;-0.662;0.685;-0.268;0.749;0.606;0.914;0.000;0.405
10.410;-25.700;2.080;-22.900;-0.405;-0.662;0.630;-0.358;0.749;0.557;0.841;0.000;0.541
10.514;-25.700;2.080;-22.900;-0.405;-0.662;0.630;-0.358;0.749;0.557;0.841;0.000;0.541
10.614;-25.700;2.080;-22.900;-0.405;-0.662;0.630;-0.358;0.749;0.557;0.841;0.000;0.541
10.722;-25.700;2.080;-22.900;-0.405;-0.662;0.630;-0.358;0.749;0.557;0.841;0.000;0.541
10.825;-25.716;2.080;-22.910;-0.405;-0.662;0.630;-0.358;0.749;0.557;0.841;0.000;0.541
10.925;-25.866;2.080;-23.007;-0.405;-0.662;0.630;-0.358;0.749;0.557;0.841;0.000;0.541
11.026;-26.129;2.080;-23.176;-0.405;-0.662;0.630;-0.358;0.749;0.557;0.841;0.000;0.541
11.133;-26.265;2.080;-23.263;-0.511;-0.301;0.805;-0.161;0.954;0.254;0.844;0.000;0.536
11.238;-26.272;2.080;-23.268;-0.511;-0.294;0.808;-0.157;0.956;0.249;0.845;0.000;0.535
11.342;-26.383;2.080;-23.283;-0.511;-0.294;0.808;-0.157;0.956;0.249;0.845;0.000;0.535
11.445;-26.559;2.080;-23.124;-0.511;-0.294;0.808;-0.157;0.956;0.249;0.845;0.000;0.535
11.551;-26.791;2.080;-22.757;-0.511;-0.294;0.808;-0.157;0.956;0.249;0.845;0.000;0.535
11.659;-27.115;2.080;-22.246;-0.511;-0.294;0.808;-0.157;0.956;0.249;0.845;0.000;0.535
11.759;-27.434;2.080;-21.719;-0.354;-0.317;0.880;-0.118;0.948;0.294;0.928;0.000;0.373
11.862;-27.489;2.080;-21.228;0.135;-0.420;0.897;0.063;0.907;0.415;0.989;0.000;-0.149
11.963;-27.602;2.080;-20.890;0.334;-0.479;0.811;0.183;0.878;0.443;0.925;0.000;-0.381
12.065;-27.816;2.080;-20.591;0.569;-0.518;0.639;0.345;0.855;0.387;0.747;0.000;-0.665
12.166;-27.948;2.080;-20.412;0.886;-0.423;0.188;0.414;0.906;0.088;0.207;0.000;-0.978
12.269;-27.949;2.080;-20.365;0.903;-0.423;-0.075;0.422;0.906;-0.035;-0.083;0.000;-0.997
12.372;-27.949;2.080;-20.365;0.903;-0.423;-0.075;0.422;0.906;-0.035;-0.083;0.000;-0.997
12.474;-27.949;2.080;-20.365;0.586;-0.296;-0.754;0.181;0.955;-0.233;-0.790;0.000;-0.614
12.577;-27.949;2.080;-20.365;-0.177;-0.290;-0.941;-0.054;0.957;-0.285;-0.983;0.000;0.185
12.679;-27.949;2.080;-20.365;-0.193;-0.290;-0.937;-0.058;0.957;-0.284;-0.979;0.000;0.202
12.780;-27.949;2.080;-20.365;-0.193;-0.290;-0.937;-0.058;0.957;-0.284;-0.979;0.000;0.202
12.881;-27.949;2.080;-20.365;-0.897;-0.154;-0.415;-0.140;0.988;-0.065;-0.420;0.000;0.907
12.998;-27.949;2.080;-20.365;-0.936;-0.175;-0.304;-0.167;0.985;-0.054;-0.309;0.000;0.951
13.102;-27.953;2.080;-20.365;-0.927;-0.367;-0.074;-0.366;0.930;-0.029;-0.080;0.000;0.997
13.209;-28.099;2.080;-20.376;-0.928;-0.367;-0.071;-0.366;0.930;-0.028;-0.076;0.000;0.997
13.311;-28.442;2.080;-20.404;-0.926;-0.367;-0.087;-0.365;0.930;-0.034;-0.093;0.000;0.996
13.413;-28.947;2.080;-20.490;-0.905;-0.375;-0.201;-0.366;0.927;-0.081;-0.217;0.000;0.976
13.515;-29.497;2.080;-20.802;-0.875;-0.391;-0.286;-0.372;0.920;-0.121;-0.310;0.000;0.951
13.622;-29.998;2.080;-21.288;-0.855;-0.391;-0.341;-0.363;0.920;-0.145;-0.371;0.000;0.929
13.725;-30.530;2.080;-21.633;-0.872;-0.336;-0.356;-0.311;0.942;-0.127;-0.378;0.000;0.926
13.832;-31.124;2.080;-21.861;-0.920;-0.229;-0.317;-0.216;0.973;-0.074;-0.325;0.000;0.946
13.934;-31.713;2.080;-22.046;-0.942;-0.181;-0.284;-0.173;0.984;-0.052;-0.289;0.000;0.957
14.035;-32.299;2.080;-22.218;-0.945;-0.181;-0.271;-0.174;0.984;-0.050;-0.275;0.000;0.961
14.140;-32.906;2.080;-22.366;-0.974;-0.153;-0.166;-0.151;0.988;-0.026;-0.168;0.000;0.986
14.242;-33.510;2.080;-22.415;-0.989;-0.145;0.009;-0.145;0.989;0.001;0.009;0.000;1.000
14.345;-34.142;2.080;-22.496;-0.985;-0.162;0.052;-0.162;0.987;0.009;0.053;0.000;0.999
14.446;-34.768;2.080;-22.723;-0.964;-0.219;0.151;-0.217;0.976;0.034;0.154;0.000;0.988
14.546;-35.316;2.080;-23.079;-0.913;-0.265;0.310;-0.251;0.964;0.085;0.322;0.000;0.947
14.653;-35.803;2.080;-23.556;-0.879;-0.265;0.396;-0.241;0.964;0.109;0.410;0.000;0.912
14.757;-36.135;2.080;-24.092;-0.876;-0.265;0.404;-0.240;0.964;0.111;0.419;0.000;0.908
14.860;-36.362;2.080;-24.585;-0.876;-0.265;0.404;-0.240;0.964;0.111;0.419;0.000;0.908
14.962;-36.536;2.080;-24.905;-0.780;-0.203;0.592;-0.161;0.979;0.123;0.605;0.000;0.796
15.063;-36.706;2.080;-24.967;-0.688;-0.190;0.701;-0.133;0.982;0.136;0.714;0.000;0.700
15.163;-36.898;2.080;-24.794;-0.688;-0.190;0.701;-0.133;0.982;0.136;0.714;0.000;0.700
15.266;-37.305;2.080;-24.552;-0.678;-0.194;0.709;-0.134;0.981;0.140;0.723;0.000;0.691
15.369;-37.782;2.080;-24.166;-0.493;-0.240;0.836;-0.122;0.971;0.207;0.861;0.000;0.508
15.471;-38.092;2.080;-23.644;-0.474;-0.240;0.847;-0.117;0.971;0.209;0.873;0.000;0.488
15.577;-38.400;2.080;-23.093;-0.468;-0.240;0.851;-0.116;0.971;0.210;0.876;0.000;0.482
15.679;-38.807;2.080;-22.605;-0.465;-0.240;0.852;-0.115;0.971;0.210;0.878;0.000;0.479
15.782;-39.379;2.080;-22.198;-0.437;-0.251;0.864;-0.113;0.968;0.224;0.892;0.000;0.451
15.890;-39.977;2.080;-21.800;-0.437;-0.251;0.864;-0.113;0.968;0.224;0.892;0.000;0.451
15.994;-40.360;2.080;-21.398;-0.436;-0.260;0.862;-0.117;0.966;0.232;0.892;0.000;0.451
16.096;-40.514;2.080;-21.121;-0.450;-0.270;0.851;-0.126;0.963;0.238;0.884;0.000;0.468
16.196;-40.584;2.080;-20.989;-0.450;-0.270;0.851;-0.126;0.963;0.238;0.884;0.000;0.468
16.301;-40.670;2.080;-20.747;-0.189;-0.325;0.927;-0.065;0.946;0.318;0.980;0.000;0.200
16.401;-40.740;2.080;-20.389;-0.181;-0.325;0.928;-0.062;0.946;0.319;0.981;0.000;0.191
16.502;-40.781;2.080;-20.179;-0.181;-0.325;0.928;-0.062;0.946;0.319;0.981;0.000;0.191
16.607;-40.788;2.080;-20.142;-0.182;-0.315;0.932;-0.060;0.949;0.309;0.981;0.000;0.191
16.711;-40.788;2.080;-20.142;-0.182;-0.315;0.932;-0.060;0.949;0.309;0.981;0.000;0.191
16.817;-40.788;2.080;-20.142;-0.183;-0.289;0.939;-0.055;0.957;0.284;0.981;0.000;0.191
16.918;-40.788;2.080;-20.142;-0.184;-0.285;0.941;-0.054;0.959;0.279;0.981;0.000;0.191
17.023;-40.788;2.080;-20.142;-0.184;-0.285;0.941;-0.054;0.959;0.279;0.981;0.000;0.191
17.124;-40.788;2.080;-20.142;-0.184;-0.285;0.941;-0.054;0.959;0.279;0.981;0.000;0.191
17.224;-40.788;2.080;-20.142;-0.181;-0.327;0.927;-0.063;0.945;0.321;0.981;0.000;0.191
17.328;-40.788;2.080;-20.142;-0.174;-0.414;0.894;-0.079;0.910;0.406;0.981;0.000;0.191
17.431;-40.788;2.080;-20.142;-0.174;-0.414;0.894;-0.079;0.910;0.406;0.981;0.000;0.191
17.532;-40.788;2.080;-20.142;-0.178;-0.414;0.893;-0.081;0.910;0.406;0.981;0.000;0.195
17.635;-40.788;2.080;-20.142;-0.472;-0.407;0.782;-0.210;0.913;0.348;0.856;0.000;0.517
17.735;-40.788;2.080;-20.142;-0.698;-0.434;0.569;-0.336;0.901;0.274;0.632;0.000;0.775
17.840;-40.788;2.080;-20.142;-0.799;-0.434;0.417;-0.385;0.901;0.201;0.462;0.000;0.887
17.942;-40.788;2.080;-20.142;-0.892;-0.434;0.125;-0.429;0.901;0.060;0.138;0.000;0.990
18.046;-40.788;2.080;-20.142;-0.897;-0.434;0.090;-0.431;0.901;0.043;0.099;0.000;0.995
18.149;-40.788;2.080;-20.142;-0.903;-0.371;0.217;-0.361;0.929;0.087;0.234;0.000;0.972
18.250;-40.788;2.080;-20.142;-0.813;-0.263;0.519;-0.222;0.965;0.142;0.538;0.000;0.843
18.350;-40.788;2.080;-20.142;-0.751;-0.248;0.611;-0.193;0.969;0.157;0.631;0.000;0.776
18.458;-40.788;2.080;-20.142;-0.581;-0.196;0.790;-0.116;0.981;0.158;0.806;0.000;0.592
18.560;-40.788;2.080;-20.142;-0.439;-0.170;0.882;-0.076;0.985;0.152;0.895;0.000;0.445
18.660;-40.788;2.080;-20.142;-0.465;-0.149;0.872;-0.070;0.989;0.132;0.882;0.000;0.471
18.763;-40.788;2.080;-20.142;-0.694;-0.120;0.710;-0.084;0.993;0.086;0.715;0.000;0.699
18.869;-40.789;2.080;-20.141;-0.750;-0.120;0.651;-0.091;0.993;0.079;0.655;0.000;0.755
18.975;-40.887;2.080;-20.058;-0.759;-0.120;0.640;-0.092;0.993;0.077;0.645;0.000;0.765
19.078;-41.139;2.080;-19.845;-0.759;-0.120;0.640;-0.092;0.993;0.077;0.645;0.000;0.765
19.179;-41.513;2.080;-19.526;-0.745;-0.120;0.657;-0.090;0.993;0.079;0.661;0.000;0.750
19.283;-41.979;2.080;-19.104;-0.735;-0.120;0.667;-0.089;0.993;0.081;0.672;0.000;0.741
19.383;-42.426;2.080;-18.698;-0.735;-0.123;0.667;-0.091;0.992;0.082;0.672;0.000;0.741
19.487;-42.724;2.080;-18.466;-0.733;-0.127;0.668;-0.094;0.992;0.086;0.674;0.000;0.739
19.592;-42.728;2.080;-18.468;-0.731;-0.127;0.670;-0.094;0.992;0.086;0.676;0.000;0.737
19.693;-42.520;2.080;-18.319;-0.731;-0.127;0.670;-0.094;0.992;0.086;0.676;0.000;0.737
19.797;-42.225;2.080;-17.745;-0.727;-0.131;0.674;-0.096;0.991;0.089;0.680;0.000;0.734
19.902;-42.124;2.080;-17.268;-0.718;-0.135;0.683;-0.098;0.991;0.093;0.689;0.000;0.725
20.008;-42.017;2.080;-17.060;-0.739;-0.196;0.645;-0.147;0.981;0.129;0.657;0.000;0.754
20.108;-41.993;2.080;-17.031;-0.898;-0.383;0.218;-0.372;0.924;0.090;0.236;0.000;0.972
20.209;-41.993;2.080;-17.031;-0.904;-0.425;-0.045;-0.425;0.905;-0.021;-0.049;0.000;0.999
20.312;-41.993;2.080;-17.031;-0.902;-0.425;-0.072;-0.424;0.905;-0.034;-0.080;0.000;0.997
20.413;-41.993;2.080;-17.031;-0.902;-0.425;-0.077;-0.424;0.905;-0.036;-0.086;0.000;0.996
20.518;-41.993;2.080;-17.031;-0.900;-0.425;-0.092;-0.423;0.905;-0.043;-0.101;0.000;0.995
20.619;-42.058;2.080;-17.040;-0.897;-0.418;-0.145;-0.412;0.909;-0.067;-0.159;0.000;0.987
20.726;-42.217;2.080;-17.055;-0.887;-0.402;-0.228;-0.390;0.916;-0.100;-0.249;0.000;0.969
20.826;-42.258;2.080;-16.977;-0.879;-0.399;-0.260;-0.382;0.917;-0.113;-0.284;0.000;0.959
20.928;-42.363;2.080;-16.827;-0.878;-0.399;-0.263;-0.382;0.917;-0.115;-0.287;0.000;0.958
21.030;-42.604;2.080;-16.622;-0.878;-0.399;-0.266;-0.382;0.917;-0.116;-0.290;0.000;0.957
21.130;-43.036;2.080;-16.474;-0.858;-0.402;-0.320;-0.376;0.916;-0.140;-0.349;0.000;0.937
21.231;-43.389;2.080;-16.488;-0.771;-0.424;-0.475;-0.361;0.906;-0.222;-0.524;0.000;0.852
21.334;-43.526;2.080;-16.525;-0.678;-0.459;-0.574;-0.350;0.888;-0.297;-0.647;0.000;0.763
21.438;-43.531;2.080;-16.527;-0.659;-0.459;-0.596;-0.341;0.888;-0.308;-0.671;0.000;0.742
21.539;-43.524;2.080;-16.524;-0.659;-0.459;-0.596;-0.341;0.888;-0.308;-0.671;0.000;0.742
21.644;-43.475;2.080;-16.510;-0.659;-0.459;-0.596;-0.341;0.888;-0.308;-0.671;0.000;0.742
21.751;-43.281;2.080;-16.479;-0.457;-0.480;-0.749;-0.250;0.878;-0.409;-0.853;0.000;0.521
21.856;-42.844;2.080;-16.557;-0.418;-0.480;-0.771;-0.229;0.878;-0.422;-0.879;0.000;0.477
21.957;-42.541;2.080;-16.711;-0.410;-0.262;-0.874;-0.111;0.965;-0.238;-0.905;0.000;0.425
22.063;-42.393;2.080;-16.780;-0.415;-0.214;-0.884;-0.091;0.977;-0.194;-0.905;0.000;0.425
22.170;-42.332;2.080;-16.809;-0.415;-0.210;-0.885;-0.089;0.978;-0.190;-0.905;0.000;0.425
22.272;-42.221;2.080;-16.861;-0.486;-0.126;-0.865;-0.062;0.992;-0.110;-0.872;0.000;0.490
22.378;-42.221;2.080;-16.861;-0.637;-0.004;-0.770;-0.002;1.000;-0.003;-0.770;0.000;0.637
22.483;-42.221;2.080;-16.861;-0.637;-0.004;-0.770;-0.002;1.000;-0.003;-0.770;0.000;0.637
22.590;-42.221;2.080;-16.861;-0.637;-0.004;-0.770;-0.002;1.000;-0.003;-0.770;0.000;0.637
22.698;-42.221;2.080;-16.861;-0.637;-0.004;-0.770;-0.002;1.000;-0.003;-0.770;0.000;0.637
22.810;-42.221;2.080;-16.861;-0.637;-0.004;-0.770;-0.002;1.000;-0.003;-0.770;0.000;0.637
22.910;-42.221;2.080;-16.861;-0.637;-0.004;-0.770;-0.002;1.000;-0.003;-0.770;0.000;0.637
23.010;-42.221;2.080;-16.861;-0.637;-0.004;-0.770;-0.002;1.000;-0.003;-0.770;0.000;0.637
23.117;-42.221;2.080;-16.861;-0.637;-0.004;-0.770;-0.002;1.000;-0.003;-0.770;0.000;0.637
23.222;-42.221;2.080;-16.861;-0.637;-0.004;-0.770;-0.002;1.000;-0.003;-0.770;0.000;0.637
23.325;-42.224;2.080;-16.866;-0.637;-0.004;-0.770;-0.002;1.000;-0.003;-0.770;0.000;0.637
23.431;-42.275;2.080;-16.953;-0.637;-0.004;-0.770;-0.002;1.000;-0.003;-0.770;0.000;0.637
23.533;-42.237;2.080;-17.029;-0.637;-0.004;-0.770;-0.002;1.000;-0.003;-0.770;0.000;0.637
23.638;-42.229;2.080;-17.046;-0.637;-0.004;-0.770;-0.002;1.000;-0.003;-0.770;0.000;0.637
23.739;-42.229;2.080;-17.046;-0.637;-0.004;-0.770;-0.002;1.000;-0.003;-0.770;0.000;0.637
23.844;-42.229;2.080;-17.046;-0.637;-0.004;-0.770;-0.002;1.000;-0.003;-0.770;0.000;0.637
23.947;-42.229;2.080;-17.046;-0.637;-0.004;-0.770;-0.002;1.000;-0.003;-0.770;0.000;0.637
24.050;-42.229;2.080;-17.046;-0.637;-0.004;-0.770;-0.002;1.000;-0.003;-0.770;0.000;0.637
24.155;-42.229;2.080;-17.046;-0.637;-0.004;-0.770;-0.002;1.000;-0.003;-0.770;0.000;0.637
24.260;-42.229;2.080;-17.046;-0.637;-0.004;-0.770;-0.002;1.000;-0.003;-0.770;0.000;0.637
