3.045;-25.700;4.488;-22.900;0.000;0.000;1.000;0.000;1.000;0.000;1.000;0.000;0.000
3.147;-25.700;3.093;-22.900;0.000;0.000;1.000;0.000;1.000;0.000;1.000;0.000;0.000
3.259;-25.700;2.428;-22.900;-0.951;-0.137;-0.278;-0.131;0.991;-0.038;-0.280;0.000;0.960
3.362;-25.700;2.415;-22.900;0.163;-0.040;-0.986;0.007;0.999;-0.040;-0.987;0.000;-0.163
3.468;-25.700;2.413;-22.900;0.163;-0.040;-0.986;0.007;0.999;-0.040;-0.987;0.000;-0.163
3.573;-25.700;2.410;-22.900;0.163;-0.040;-0.986;0.007;0.999;-0.040;-0.987;0.000;-0.163
3.682;-25.700;2.405;-22.900;0.784;-0.027;-0.620;0.021;1.000;-0.017;-0.620;0.000;-0.785
3.796;-25.700;2.400;-22.900;0.845;-0.083;-0.528;0.070;0.997;-0.044;-0.530;0.000;-0.848
3.898;-25.700;2.398;-22.900;0.858;-0.083;-0.508;0.071;0.997;-0.042;-0.509;0.000;-0.861
4.002;-25.700;2.394;-22.900;0.861;-0.083;-0.502;0.072;0.997;-0.042;-0.504;0.000;-0.864
4.104;-25.700;2.392;-22.900;0.861;-0.083;-0.502;0.072;0.997;-0.042;-0.504;0.000;-0.864
4.206;-25.700;2.392;-22.900;0.861;-0.083;-0.502;0.072;0.997;-0.042;-0.504;0.000;-0.864
4.401;-25.700;2.385;-22.900;0.861;-0.083;-0.502;0.072;0.997;-0.042;-0.504;0.000;-0.864
4.503;-25.700;2.229;-22.900;0.861;-0.083;-0.502;0.072;0.997;-0.042;-0.504;0.000;-0.864
4.606;-25.700;2.226;-22.900;0.861;-0.083;-0.502;0.072;0.997;-0.042;-0.504;0.000;-0.864
4.706;-25.700;2.226;-22.900;0.861;-0.083;-0.502;0.072;0.997;-0.042;-0.504;0.000;-0.864
4.808;-25.700;2.223;-22.900;0.861;-0.083;-0.502;0.072;0.997;-0.042;-0.504;0.000;-0.864
4.913;-25.700;2.220;-22.900;0.861;-0.083;-0.502;0.072;0.997;-0.042;-0.504;0.000;-0.864
5.014;-25.700;2.220;-22.900;0.861;-0.083;-0.502;0.072;0.997;-0.042;-0.504;0.000;-0.864
5.117;-25.700;2.219;-22.900;0.861;-0.083;-0.502;0.072;0.997;-0.042;-0.504;0.000;-0.864
5.222;-25.700;2.216;-22.900;0.861;-0.083;-0.502;0.072;0.997;-0.042;-0.504;0.000;-0.864
5.334;-25.700;2.216;-22.900;0.861;-0.083;-0.502;0.072;0.997;-0.042;-0.504;0.000;-0.864
5.436;-25.700;2.214;-22.900;0.861;-0.083;-0.502;0.072;0.997;-0.042;-0.504;0.000;-0.864
5.539;-25.700;2.212;-22.900;0.861;-0.083;-0.502;0.072;0.997;-0.042;-0.504;0.000;-0.864
5.643;-25.700;2.210;-22.900;0.861;-0.083;-0.502;0.072;0.997;-0.042;-0.504;0.000;-0.864
5.746;-25.700;2.210;-22.900;0.861;-0.083;-0.502;0.072;0.997;-0.042;-0.504;0.000;-0.864
5.996;-25.700;2.208;-22.900;0.861;-0.083;-0.502;0.072;0.997;-0.042;-0.504;0.000;-0.864
6.100;-25.700;2.080;-22.900;0.861;-0.083;-0.502;0.072;0.997;-0.042;-0.504;0.000;-0.864
6.208;-25.700;2.080;-22.900;0.861;-0.083;-0.502;0.072;0.997;-0.042;-0.504;0.000;-0.864
6.308;-25.700;2.080;-22.900;-0.313;0.571;-0.759;0.218;0.821;0.528;-0.924;0.000;0.381
6.412;-25.700;2.080;-22.900;-0.660;0.462;-0.592;0.344;0.887;0.308;-0.667;0.000;0.745
6.513;-25.700;2.080;-22.900;-0.832;0.476;-0.284;0.451;0.879;0.154;-0.324;0.000;0.946
6.613;-25.700;2.080;-22.900;-0.837;0.476;-0.268;0.454;0.879;0.145;-0.305;0.000;0.952
6.716;-25.700;2.080;-22.900;-0.837;0.476;-0.268;0.454;0.879;0.145;-0.305;0.000;0.952
6.819;-25.700;2.080;-22.900;-0.975;-0.125;0.183;-0.122;0.992;0.023;0.184;0.000;0.983
6.921;-25.700;2.080;-22.900;-0.917;-0.328;0.228;-0.318;0.945;0.079;0.241;0.000;0.971
7.025;-25.700;2.080;-22.900;-0.908;-0.354;0.225;-0.343;0.935;0.085;0.241;0.000;0.971
7.130;-25.812;2.080;-22.875;-0.954;-0.249;0.169;-0.245;0.968;0.044;0.175;0.000;0.985
7.234;-26.122;2.080;-22.829;-0.971;-0.193;0.142;-0.191;0.981;0.028;0.145;0.000;0.989
7.335;-26.604;2.080;-22.760;-0.972;-0.190;0.139;-0.188;0.982;0.027;0.142;0.000;0.990
7.440;-27.229;2.080;-22.670;-0.972;-0.190;0.139;-0.188;0.982;0.027;0.142;0.000;0.990
7.541;-27.821;2.080;-22.585;-0.972;-0.190;0.139;-0.188;0.982;0.027;0.142;0.000;0.990
7.643;-28.432;2.080;-22.499;-0.973;-0.190;0.135;-0.188;0.982;0.026;0.137;0.000;0.991
7.748;-29.057;2.080;-22.412;-0.973;-0.190;0.135;-0.188;0.982;0.026;0.137;0.000;0.991
7.852;-29.679;2.080;-22.322;-0.972;-0.174;0.161;-0.171;0.985;0.028;0.164;0.000;0.986
7.953;-30.270;2.080;-22.211;-0.963;-0.174;0.205;-0.170;0.985;0.036;0.209;0.000;0.978
8.056;-30.880;2.080;-22.066;-0.957;-0.174;0.233;-0.169;0.985;0.041;0.237;0.000;0.972
8.157;-31.477;2.080;-21.949;-0.946;-0.174;0.275;-0.167;0.985;0.048;0.279;0.000;0.960
8.260;-32.125;2.080;-21.963;-0.931;-0.174;0.321;-0.164;0.985;0.057;0.326;0.000;0.945
8.360;-32.806;2.080;-22.130;-0.923;-0.174;0.343;-0.163;0.985;0.060;0.349;0.000;0.937
8.462;-33.439;2.080;-22.481;-0.892;-0.174;0.418;-0.157;0.985;0.074;0.425;0.000;0.905
8.566;-33.948;2.080;-22.922;-0.866;-0.165;0.472;-0.145;0.986;0.079;0.478;0.000;0.878
8.670;-34.338;2.080;-23.424;-0.824;-0.165;0.542;-0.138;0.986;0.091;0.549;0.000;0.836
8.774;-34.713;2.080;-23.913;-0.738;-0.142;0.660;-0.106;0.990;0.095;0.667;0.000;0.745
8.876;-35.151;2.080;-24.353;-0.660;-0.136;0.738;-0.091;0.991;0.101;0.745;0.000;0.667
8.979;-35.629;2.080;-24.731;-0.601;-0.136;0.788;-0.082;0.991;0.108;0.795;0.000;0.606
9.084;-36.109;2.080;-25.092;-0.587;-0.136;0.798;-0.081;0.991;0.109;0.805;0.000;0.593
9.185;-36.505;2.080;-25.252;-0.523;-0.136;0.842;-0.072;0.991;0.115;0.849;0.000;0.528
9.290;-36.860;2.080;-25.133;-0.511;-0.136;0.849;-0.070;0.991;0.116;0.857;0.000;0.516
9.394;-37.148;2.080;-24.744;-0.498;-0.143;0.855;-0.072;0.990;0.124;0.864;0.000;0.503
9.499;-37.540;2.080;-24.264;-0.495;-0.143;0.857;-0.072;0.990;0.124;0.866;0.000;0.501
9.606;-37.868;2.080;-23.732;-0.495;-0.147;0.856;-0.074;0.989;0.128;0.866;0.000;0.501
9.708;-38.188;2.080;-23.179;-0.495;-0.147;0.856;-0.074;0.989;0.128;0.866;0.000;0.501
9.812;-38.522;2.080;-22.772;-0.495;-0.147;0.856;-0.074;0.989;0.128;0.866;0.000;0.501
9.918;-38.957;2.080;-22.415;-0.495;-0.147;0.856;-0.074;0.989;0.128;0.866;0.000;0.501
10.021;-39.284;2.080;-21.876;-0.521;-0.168;0.837;-0.089;0.986;0.142;0.849;0.000;0.528
10.126;-39.617;2.080;-21.344;-0.526;-0.168;0.833;-0.090;0.986;0.142;0.845;0.000;0.534
10.230;-39.949;2.080;-20.822;-0.529;-0.168;0.832;-0.090;0.986;0.142;0.844;0.000;0.536
10.333;-40.281;2.080;-20.312;-0.561;-0.208;0.802;-0.119;0.978;0.170;0.820;0.000;0.573
10.435;-40.638;2.080;-19.823;-0.585;-0.232;0.777;-0.139;0.973;0.185;0.799;0.000;0.601
10.538;-41.024;2.080;-19.311;-0.587;-0.232;0.775;-0.140;0.973;0.185;0.797;0.000;0.604
10.640;-41.411;2.080;-18.840;-0.656;-0.232;0.718;-0.156;0.973;0.171;0.738;0.000;0.674
10.741;-41.843;2.080;-18.408;-0.738;-0.232;0.634;-0.176;0.973;0.151;0.652;0.000;0.759
10.843;-42.271;2.080;-18.049;-0.761;-0.232;0.605;-0.181;0.973;0.144;0.622;0.000;0.783
10.950;-42.216;2.080;-17.939;-0.761;-0.232;0.605;-0.181;0.973;0.144;0.622;0.000;0.783
11.054;-42.166;2.080;-17.790;-0.763;-0.232;0.603;-0.182;0.973;0.144;0.620;0.000;0.784
11.159;-42.143;2.080;-17.664;-0.829;-0.232;0.509;-0.198;0.973;0.121;0.523;0.000;0.852
11.262;-42.141;2.080;-17.641;-0.917;-0.232;0.324;-0.219;0.973;0.077;0.333;0.000;0.943
11.363;-42.141;2.080;-17.641;-0.956;-0.244;0.162;-0.241;0.970;0.041;0.167;0.000;0.986
11.469;-42.141;2.080;-17.641;-0.960;-0.244;0.136;-0.242;0.970;0.034;0.140;0.000;0.990
11.570;-42.141;2.080;-17.641;-0.960;-0.244;0.136;-0.242;0.970;0.034;0.140;0.000;0.990
11.674;-42.141;2.080;-17.641;-0.960;-0.244;0.136;-0.242;0.970;0.034;0.140;0.000;0.990
11.774;-42.141;2.080;-17.641;-0.960;-0.244;0.136;-0.242;0.970;0.034;0.140;0.000;0.990
11.876;-42.141;2.080;-17.641;-0.974;0.216;-0.068;0.216;0.976;0.015;-0.070;0.000;0.998
11.978;-42.141;2.080;-17.641;-0.793;0.599;-0.114;0.593;0.801;0.085;-0.142;0.000;0.990
12.082;-42.141;2.080;-17.641;-0.786;0.608;-0.113;0.602;0.794;0.086;-0.142;0.000;0.990
12.183;-42.141;2.080;-17.641;-0.787;0.608;-0.109;0.602;0.794;0.084;-0.138;0.000;0.990
12.286;-42.141;2.080;-17.641;-0.787;0.608;-0.107;0.602;0.794;0.082;-0.134;0.000;0.991
12.388;-42.141;2.080;-17.641;-0.788;0.608;-0.101;0.603;0.794;0.077;-0.127;0.000;0.992
12.490;-42.141;2.080;-17.641;-0.857;0.513;-0.052;0.512;0.859;0.031;-0.061;0.000;0.998
12.592;-42.141;2.080;-17.641;-0.924;0.382;-0.032;0.381;0.924;0.013;-0.035;0.000;0.999
12.696;-42.141;2.080;-17.641;-0.960;0.280;-0.025;0.280;0.960;0.007;-0.026;0.000;1.000
12.801;-42.141;2.080;-17.641;-0.961;0.277;-0.025;0.276;0.961;0.007;-0.026;0.000;1.000
12.906;-42.141;2.080;-17.641;-0.961;0.277;-0.025;0.276;0.961;0.007;-0.026;0.000;1.000
13.012;-42.141;2.080;-17.641;-0.961;0.277;-0.025;0.276;0.961;0.007;-0.026;0.000;1.000
13.112;-42.141;2.080;-17.641;-0.947;0.317;0.050;0.317;0.948;-0.017;0.053;0.000;0.999
13.219;-42.141;2.080;-17.641;-0.933;0.331;0.145;0.327;0.944;-0.051;0.153;0.000;0.988
13.323;-42.141;2.080;-17.641;-0.933;0.331;0.145;0.327;0.944;-0.051;0.153;0.000;0.988
13.424;-42.141;2.080;-17.641;-0.785;0.321;-0.530;0.266;0.947;0.180;-0.560;0.000;0.828
13.525;-42.141;2.080;-17.641;-0.030;0.631;-0.775;0.024;0.775;0.631;-0.999;0.000;0.039
13.628;-42.141;2.080;-17.641;-0.030;0.631;-0.775;0.024;0.775;0.631;-0.999;0.000;0.039
13.732;-42.141;2.080;-17.641;0.072;0.578;-0.813;-0.051;0.816;0.575;-0.996;0.000;-0.088
13.833;-42.141;2.080;-17.641;0.363;0.633;-0.684;-0.297;0.774;0.559;-0.883;0.000;-0.469
13.935;-42.141;2.080;-17.641;0.377;0.633;-0.676;-0.308;0.774;0.553;-0.873;0.000;-0.487
14.038;-42.141;2.080;-17.641;0.377;0.633;-0.676;-0.308;0.774;0.553;-0.873;0.000;-0.487
14.141;-42.141;2.080;-17.641;0.349;0.644;-0.681;-0.294;0.765;0.573;-0.890;0.000;-0.456
14.241;-42.141;2.080;-17.641;0.355;0.648;-0.674;-0.302;0.761;0.574;-0.885;0.000;-0.466
14.342;-42.141;2.080;-17.641;0.494;0.688;-0.532;-0.468;0.726;0.504;-0.733;0.000;-0.680
14.445;-42.141;2.080;-17.641;0.492;0.682;-0.542;-0.458;0.732;0.505;-0.741;0.000;-0.672
14.546;-42.141;2.080;-17.641;0.487;0.673;-0.556;-0.444;0.739;0.507;-0.752;0.000;-0.659
14.649;-42.141;2.080;-17.641;0.552;0.666;-0.502;-0.492;0.746;0.448;-0.673;0.000;-0.740
14.752;-42.141;2.080;-17.641;0.607;0.657;-0.448;-0.529;0.754;0.390;-0.594;0.000;-0.805
14.856;-42.141;2.080;-17.641;0.614;0.657;-0.438;-0.535;0.754;0.382;-0.581;0.000;-0.814
14.959;-42.141;2.080;-17.641;0.632;0.654;-0.415;-0.546;0.757;0.359;-0.549;0.000;-0.836
15.062;-42.141;2.080;-17.641;0.656;0.649;-0.384;-0.560;0.760;0.328;-0.505;0.000;-0.863
15.166;-42.141;2.080;-17.641;0.656;0.649;-0.384;-0.560;0.760;0.328;-0.505;0.000;-0.863
15.267;-42.141;2.080;-17.641;0.656;0.649;-0.384;-0.560;0.760;0.328;-0.505;0.000;-0.863
15.370;-42.141;2.080;-17.641;0.656;0.649;-0.384;-0.560;0.760;0.328;-0.505;0.000;-0.863
15.472;-42.141;2.080;-17.641;0.656;0.649;-0.384;-0.560;0.760;0.328;-0.505;0.000;-0.863
15.574;-42.141;2.080;-17.641;0.656;0.649;-0.384;-0.560;0.760;0.328;-0.505;0.000;-0.863
15.678;-42.141;2.080;-17.641;0.656;0.649;-0.384;-0.560;0.760;0.328;-0.505;0.000;-0.863
15.782;-42.141;2.080;-17.641;0.657;0.649;-0.383;-0.561;0.760;0.327;-0.503;0.000;-0.864
15.885;-42.141;2.080;-17.641;0.684;0.653;-0.325;-0.590;0.757;0.280;-0.429;0.000;-0.903
15.987;-42.141;2.080;-17.641;0.685;0.653;-0.322;-0.591;0.757;0.278;-0.426;0.000;-0.905
16.087;-42.141;2.080;-17.641;0.685;0.653;-0.322;-0.591;0.757;0.278;-0.426;0.000;-0.905
16.191;-42.141;2.080;-17.641;0.685;0.653;-0.322;-0.591;0.757;0.278;-0.426;0.000;-0.905
16.294;-42.141;2.080;-17.641;0.685;0.653;-0.322;-0.591;0.757;0.278;-0.426;0.000;-0.905
16.395;-42.141;2.080;-17.641;0.685;0.653;-0.322;-0.591;0.757;0.278;-0.426;0.000;-0.905
16.499;-42.141;2.080;-17.641;0.685;0.653;-0.322;-0.591;0.757;0.278;-0.426;0.000;-0.905
16.600;-42.141;2.080;-17.641;0.685;0.653;-0.322;-0.591;0.757;0.278;-0.426;0.000;-0.905
16.703;-42.141;2.080;-17.641;0.685;0.653;-0.322;-0.591;0.757;0.278;-0.426;0.000;-0.905
16.805;-42.141;2.080;-17.641;0.685;0.653;-0.322;-0.591;0.757;0.278;-0.426;0.000;-0.905
16.909;-42.141;2.080;-17.641;0.685;0.653;-0.322;-0.591;0.757;0.278;-0.426;0.000;-0.905
17.010;-42.141;2.080;-17.641;0.685;0.653;-0.322;-0.591;0.757;0.278;-0.426;0.000;-0.905
17.111;-42.141;2.080;-17.641;0.685;0.653;-0.322;-0.591;0.757;0.278;-0.426;0.000;-0.905
17.212;-42.141;2.080;-17.641;0.685;0.653;-0.322;-0.591;0.757;0.278;-0.426;0.000;-0.905
17.312;-42.141;2.080;-17.641;0.685;0.653;-0.322;-0.591;0.757;0.278;-0.426;0.000;-0.905
17.413;-42.141;2.080;-17.641;0.684;0.653;-0.324;-0.591;0.757;0.280;-0.428;0.000;-0.904
17.518;-42.141;2.080;-17.641;0.662;0.675;-0.326;-0.605;0.738;0.298;-0.442;0.000;-0.897
17.618;-42.141;2.080;-17.641;0.660;0.675;-0.330;-0.604;0.738;0.301;-0.447;0.000;-0.895
17.718;-42.141;2.080;-17.641;0.660;0.675;-0.330;-0.604;0.738;0.301;-0.447;0.000;-0.895
17.820;-42.141;2.080;-17.641;0.660;0.675;-0.330;-0.604;0.738;0.301;-0.447;0.000;-0.895
17.920;-42.141;2.080;-17.641;0.660;0.675;-0.330;-0.604;0.738;0.301;-0.447;0.000;-0.895
18.021;-42.141;2.080;-17.641;0.660;0.675;-0.330;-0.604;0.738;0.301;-0.447;0.000;-0.895
18.122;-42.141;2.080;-17.641;0.660;0.675;-0.330;-0.604;0.738;0.301;-0.447;0.000;-0.895
18.223;-42.141;2.080;-17.641;0.660;0.675;-0.330;-0.604;0.738;0.301;-0.447;0.000;-0.895
18.324;-42.141;2.080;-17.641;0.660;0.675;-0.330;-0.604;0.738;0.301;-0.447;0.000;-0.895
18.426;-42.141;2.080;-17.641;0.660;0.675;-0.330;-0.604;0.738;0.301;-0.447;0.000;-0.895
18.531;-42.141;2.080;-17.641;0.660;0.675;-0.330;-0.604;0.738;0.301;-0.447;0.000;-0.895
18.634;-42.141;2.080;-17.641;0.651;0.670;-0.357;-0.587;0.743;0.322;-0.481;0.000;-0.876
18.735;-42.141;2.080;-17.641;0.614;0.665;-0.424;-0.547;0.747;0.378;-0.568;0.000;-0.823
18.836;-42.141;2.080;-17.641;0.612;0.665;-0.427;-0.545;0.747;0.381;-0.572;0.000;-0.820
18.939;-42.141;2.080;-17.641;0.613;0.663;-0.430;-0.543;0.749;0.380;-0.574;0.000;-0.819
19.142;-42.141;2.080;-17.641;0.613;0.663;-0.430;-0.543;0.749;0.380;-0.574;0.000;-0.819
19.242;-42.141;2.080;-17.641;0.613;0.663;-0.430;-0.543;0.749;0.380;-0.574;0.000;-0.819
19.343;-42.141;2.080;-17.641;0.613;0.663;-0.430;-0.543;0.749;0.380;-0.574;0.000;-0.819
19.445;-42.141;2.080;-17.641;0.613;0.663;-0.430;-0.543;0.749;0.380;-0.574;0.000;-0.819
19.546;-42.141;2.080;-17.641;0.613;0.663;-0.430;-0.543;0.749;0.380;-0.574;0.000;-0.819
19.646;-42.141;2.080;-17.641;0.613;0.663;-0.430;-0.543;0.749;0.380;-0.574;0.000;-0.819
19.747;-42.141;2.080;-17.641;0.613;0.663;-0.430;-0.543;0.749;0.380;-0.574;0.000;-0.819
19.849;-42.141;2.080;-17.641;0.613;0.663;-0.430;-0.543;0.749;0.380;-0.574;0.000;-0.819
19.950;-42.141;2.080;-17.641;0.613;0.663;-0.430;-0.543;0.749;0.380;-0.574;0.000;-0.819
20.051;-42.141;2.080;-17.641;0.613;0.663;-0.430;-0.543;0.749;0.380;-0.574;0.000;-0.819
20.153;-42.141;2.080;-17.641;0.613;0.663;-0.430;-0.543;0.749;0.380;-0.574;0.000;-0.819
20.255;-42.141;2.080;-17.641;0.613;0.663;-0.430;-0.543;0.749;0.380;-0.574;0.000;-0.819
20.356;-42.141;2.080;-17.641;0.613;0.663;-0.430;-0.543;0.749;0.380;-0.574;0.000;-0.819
20.458;-42.141;2.080;-17.641;0.613;0.663;-0.430;-0.543;0.749;0.380;-0.574;0.000;-0.819
20.734;-42.141;2.080;-17.641;0.613;0.663;-0.430;-0.543;0.749;0.380;-0.574;0.000;-0.819
20.835;-42.141;2.080;-17.641;0.583;0.667;-0.464;-0.522;0.745;0.415;-0.622;0.000;-0.783
20.935;-42.141;2.080;-17.641;0.524;0.668;-0.528;-0.470;0.744;0.475;-0.710;0.000;-0.704
21.036;-42.141;2.080;-17.641;0.351;0.688;-0.635;-0.333;0.726;0.602;-0.875;0.000;-0.484
21.137;-42.141;2.080;-17.641;0.313;0.688;-0.655;-0.297;0.726;0.621;-0.902;0.000;-0.431
21.238;-42.141;2.080;-17.641;0.306;0.681;-0.665;-0.284;0.732;0.619;-0.909;0.000;-0.418
21.342;-42.141;2.080;-17.641;0.304;0.679;-0.668;-0.281;0.734;0.618;-0.910;0.000;-0.414
21.445;-42.141;2.080;-17.641;0.272;0.667;-0.693;-0.244;0.745;0.621;-0.931;0.000;-0.366
21.548;-42.141;2.080;-17.641;0.262;0.665;-0.699;-0.234;0.747;0.623;-0.936;0.000;-0.351
21.650;-42.141;2.080;-17.641;0.261;0.663;-0.701;-0.232;0.748;0.622;-0.937;0.000;-0.349
21.754;-42.141;2.080;-17.641;0.259;0.659;-0.707;-0.226;0.753;0.618;-0.939;0.000;-0.344
21.854;-42.141;2.080;-17.641;0.255;0.655;-0.711;-0.221;0.756;0.617;-0.941;0.000;-0.337
21.954;-42.141;2.080;-17.641;0.248;0.653;-0.716;-0.213;0.758;0.617;-0.945;0.000;-0.327
22.057;-42.141;2.080;-17.641;0.244;0.653;-0.717;-0.210;0.758;0.618;-0.947;0.000;-0.322
22.158;-42.141;2.080;-17.641;0.244;0.653;-0.717;-0.210;0.758;0.618;-0.947;0.000;-0.322
22.264;-42.141;2.080;-17.641;0.244;0.653;-0.717;-0.210;0.758;0.618;-0.947;0.000;-0.322
22.366;-42.141;2.080;-17.641;0.244;0.653;-0.717;-0.210;0.758;0.618;-0.947;0.000;-0.322
22.469;-42.141;2.080;-17.641;0.244;0.653;-0.717;-0.210;0.758;0.618;-0.947;0.000;-0.322
22.574;-42.141;2.080;-17.641;0.244;0.653;-0.717;-0.210;0.758;0.618;-0.947;0.000;-0.322
22.676;-42.141;2.080;-17.641;0.244;0.653;-0.717;-0.210;0.758;0.618;-0.947;0.000;-0.322
22.777;-42.141;2.080;-17.641;0.244;0.653;-0.717;-0.210;0.758;0.618;-0.947;0.000;-0.322
22.877;-42.141;2.080;-17.641;0.244;0.653;-0.717;-0.210;0.758;0.618;-0.947;0.000;-0.322
22.985;-42.141;2.080;-17.641;0.244;0.653;-0.717;-0.210;0.758;0.618;-0.947;0.000;-0.322
23.089;-42.141;2.080;-17.641;0.244;0.653;-0.717;-0.210;0.758;0.618;-0.947;0.000;-0.322
23.192;-42.141;2.080;-17.641;0.244;0.653;-0.717;-0.210;0.758;0.618;-0.947;0.000;-0.322
23.293;-42.141;2.080;-17.641;0.244;0.653;-0.717;-0.210;0.758;0.618;-0.947;0.000;-0.322
23.398;-42.141;2.080;-17.641;0.244;0.653;-0.717;-0.210;0.758;0.618;-0.947;0.000;-0.322
23.503;-42.141;2.080;-17.641;0.244;0.653;-0.717;-0.210;0.758;0.618;-0.947;0.000;-0.322
23.609;-42.141;2.080;-17.641;0.244;0.653;-0.717;-0.210;0.758;0.618;-0.947;0.000;-0.322
23.711;-42.141;2.080;-17.641;0.244;0.653;-0.717;-0.210;0.758;0.618;-0.947;0.000;-0.322
23.813;-42.141;2.080;-17.641;0.244;0.653;-0.717;-0.210;0.758;0.618;-0.947;0.000;-0.322
23.915;-42.141;2.080;-17.641;0.244;0.653;-0.717;-0.210;0.758;0.618;-0.947;0.000;-0.322
24.019;-42.141;2.080;-17.641;0.244;0.653;-0.717;-0.210;0.758;0.618;-0.947;0.000;-0.322
24.123;-42.141;2.080;-17.641;0.244;0.653;-0.717;-0.210;0.758;0.618;-0.947;0.000;-0.322
24.225;-42.141;2.080;-17.641;0.244;0.653;-0.717;-0.210;0.758;0.618;-0.947;0.000;-0.322
24.327;-42.141;2.080;-17.641;0.244;0.653;-0.717;-0.210;0.758;0.618;-0.947;0.000;-0.322
24.428;-42.141;2.080;-17.641;0.244;0.653;-0.717;-0.210;0.758;0.618;-0.947;0.000;-0.322
24.529;-42.141;2.080;-17.641;-0.108;0.594;-0.797;0.080;0.805;0.588;-0.991;0.000;0.134
24.629;-42.141;2.080;-17.641;-0.984;0.118;0.131;0.117;0.993;-0.016;0.132;0.000;0.991
24.731;-42.141;2.080;-17.641;-0.984;0.118;0.131;0.117;0.993;-0.016;0.132;0.000;0.991
24.836;-42.141;2.080;-17.641;-0.089;0.407;0.909;0.040;0.913;-0.405;0.995;0.000;0.098
24.937;-42.141;2.080;-17.641;0.729;0.171;0.663;-0.127;0.985;-0.115;0.673;0.000;-0.740
25.038;-42.141;2.080;-17.641;0.729;0.171;0.663;-0.127;0.985;-0.115;0.673;0.000;-0.740
25.141;-42.141;2.080;-17.641;0.827;0.557;0.069;-0.555;0.830;-0.047;0.083;0.000;-0.997
25.244;-42.141;2.080;-17.641;0.796;0.601;-0.073;-0.599;0.799;0.055;-0.091;0.000;-0.996
25.347;-42.141;2.080;-17.641;0.785;0.619;-0.022;-0.619;0.785;0.017;-0.027;0.000;-1.000
25.452;-42.141;2.080;-17.641;0.817;0.517;0.256;-0.493;0.856;-0.154;0.299;0.000;-0.954
25.555;-42.141;2.080;-17.641;0.200;0.181;0.963;-0.037;0.983;-0.178;0.979;0.000;-0.203
25.655;-42.141;2.080;-17.641;0.192;0.176;0.966;-0.034;0.984;-0.172;0.981;0.000;-0.195
25.761;-42.141;2.080;-17.641;0.192;0.176;0.966;-0.034;0.984;-0.172;0.981;0.000;-0.195
25.865;-42.141;2.080;-17.641;-0.875;-0.302;0.378;-0.277;0.953;0.120;0.397;0.000;0.918
25.967;-42.141;2.080;-17.641;-0.935;-0.331;0.124;-0.328;0.944;0.044;0.132;0.000;0.991
26.073;-42.141;2.080;-17.641;-0.927;-0.367;0.079;-0.366;0.930;0.031;0.085;0.000;0.996
26.173;-42.141;2.080;-17.641;-0.926;-0.367;0.086;-0.366;0.930;0.034;0.092;0.000;0.996
26.277;-42.141;2.080;-17.641;-0.926;-0.367;0.089;-0.366;0.930;0.035;0.096;0.000;0.995
26.383;-42.141;2.080;-17.641;-0.939;-0.339;0.055;-0.338;0.941;0.020;0.058;0.000;0.998
26.488;-42.141;2.080;-17.641;-0.939;-0.339;0.055;-0.338;0.941;0.020;0.058;0.000;0.998
26.590;-42.141;2.080;-17.641;-0.939;-0.339;0.055;-0.338;0.941;0.020;0.058;0.000;0.998
26.694;-42.141;2.080;-17.641;-0.939;-0.339;0.055;-0.338;0.941;0.020;0.058;0.000;0.998
26.794;-42.141;2.080;-17.641;-0.939;-0.339;0.055;-0.338;0.941;0.020;0.058;0.000;0.998
26.901;-42.141;2.080;-17.641;-0.939;-0.339;0.055;-0.338;0.941;0.020;0.058;0.000;0.998
27.004;-42.141;2.080;-17.641;-0.939;-0.339;0.055;-0.338;0.941;0.020;0.058;0.000;0.998
27.109;-42.141;2.080;-17.641;-0.939;-0.339;0.055;-0.338;0.941;0.020;0.058;0.000;0.998
27.217;-42.141;2.080;-17.641;-0.939;-0.339;0.055;-0.338;0.941;0.020;0.058;0.000;0.998
27.319;-42.141;2.080;-17.641;-0.939;-0.339;0.055;-0.338;0.941;0.020;0.058;0.000;0.998
27.421;-42.141;2.080;-17.641;-0.944;0.325;0.054;0.325;0.946;-0.019;0.057;0.000;0.998
27.523;-42.141;2.080;-17.641;-0.814;0.575;0.084;0.572;0.818;-0.059;0.103;0.000;0.995
27.627;-42.141;2.080;-17.641;-0.795;0.599;0.100;0.594;0.801;-0.075;0.125;0.000;0.992
27.728;-42.141;2.080;-17.641;-0.883;0.409;0.232;0.396;0.913;-0.104;0.254;0.000;0.967
27.834;-42.141;2.080;-17.641;-0.940;-0.021;0.341;-0.019;1.000;0.007;0.341;0.000;0.940
27.936;-42.141;2.080;-17.641;-0.938;-0.058;0.341;-0.055;0.998;0.020;0.341;0.000;0.940
28.038;-42.141;2.080;-17.641;-0.938;-0.058;0.341;-0.055;0.998;0.020;0.341;0.000;0.940
28.140;-42.141;2.080;-17.641;-0.938;-0.058;0.341;-0.055;0.998;0.020;0.341;0.000;0.940
28.244;-42.141;2.080;-17.641;-0.938;-0.058;0.341;-0.055;0.998;0.020;0.341;0.000;0.940
28.345;-42.141;2.080;-17.641;-0.938;-0.058;0.341;-0.055;0.998;0.020;0.341;0.000;0.940
28.452;-42.141;2.080;-17.641;-0.938;-0.058;0.341;-0.055;0.998;0.020;0.341;0.000;0.940
28.562;-42.141;2.080;-17.641;-0.938;-0.058;0.341;-0.055;0.998;0.020;0.341;0.000;0.940
28.668;-42.141;2.080;-17.641;-0.938;-0.058;0.341;-0.055;0.998;0.020;0.341;0.000;0.940
28.768;-42.141;2.080;-17.641;-0.938;-0.058;0.341;-0.055;0.998;0.020;0.341;0.000;0.940
28.870;-42.141;2.080;-17.641;-0.938;-0.058;0.341;-0.055;0.998;0.020;0.341;0.000;0.940
28.974;-42.141;2.080;-17.641;-0.967;0.071;0.246;0.069;0.997;-0.018;0.247;0.000;0.969
29.075;-42.141;2.080;-17.641;-0.649;0.759;-0.051;0.757;0.651;0.060;-0.079;0.000;0.997
29.180;-42.141;2.080;-17.641;-0.649;0.759;-0.051;0.757;0.651;0.060;-0.079;0.000;0.997
29.284;-42.141;2.080;-17.641;-0.649;0.759;-0.051;0.757;0.651;0.060;-0.079;0.000;0.997
29.389;-42.141;2.080;-17.641;-0.649;0.759;-0.051;0.757;0.651;0.060;-0.079;0.000;0.997
29.492;-42.141;2.080;-17.641;-0.649;0.759;-0.051;0.757;0.651;0.060;-0.079;0.000;0.997
29.593;-42.141;2.080;-17.641;-0.649;0.759;-0.051;0.757;0.651;0.060;-0.079;0.000;0.997
29.695;-42.141;2.080;-17.641;-0.649;0.759;-0.051;0.757;0.651;0.060;-0.079;0.000;0.997
29.795;-42.141;2.080;-17.641;-0.649;0.759;-0.051;0.757;0.651;0.060;-0.079;0.000;0.997
29.898;-42.141;2.080;-17.641;-0.649;0.759;-0.051;0.757;0.651;0.060;-0.079;0.000;0.997
30.002;-42.141;2.080;-17.641;-0.761;0.640;-0.104;0.634;0.768;0.086;-0.135;0.000;0.991
30.104;-42.141;2.080;-17.641;-0.537;0.701;-0.470;0.527;0.713;0.462;-0.659;0.000;0.752
30.206;-42.141;2.080;-17.641;-0.537;0.701;-0.470;0.527;0.713;0.462;-0.659;0.000;0.752
30.308;-42.141;2.080;-17.641;-0.537;0.701;-0.470;0.527;0.713;0.462;-0.659;0.000;0.752
30.413;-42.141;2.080;-17.641;-0.115;0.692;-0.713;0.110;0.722;0.683;-0.987;0.000;0.159
30.514;-42.141;2.080;-17.641;-0.010;0.754;-0.657;0.011;0.657;0.754;-1.000;0.000;0.015
30.615;-42.141;2.080;-17.641;-0.010;0.754;-0.657;0.011;0.657;0.754;-1.000;0.000;0.015
30.720;-42.141;2.080;-17.641;0.131;0.720;-0.681;-0.136;0.694;0.707;-0.982;0.000;-0.189
30.822;-42.141;2.080;-17.641;0.131;0.720;-0.681;-0.136;0.694;0.707;-0.982;0.000;-0.189
30.923;-42.141;2.080;-17.641;0.131;0.720;-0.681;-0.136;0.694;0.707;-0.982;0.000;-0.189
31.023;-42.141;2.080;-17.641;0.088;0.747;-0.659;-0.099;0.665;0.740;-0.991;0.000;-0.132
31.125;-42.141;2.080;-17.641;-0.161;0.707;-0.689;0.161;0.707;0.688;-0.974;0.000;0.227
31.227;-42.141;2.080;-17.641;-0.229;0.692;-0.685;0.219;0.722;0.656;-0.949;0.000;0.317
31.330;-42.141;2.080;-17.641;-0.229;0.692;-0.685;0.219;0.722;0.656;-0.949;0.000;0.317
31.433;-42.141;2.080;-17.641;-0.229;0.692;-0.685;0.219;0.722;0.656;-0.949;0.000;0.317
31.536;-42.141;2.080;-17.641;0.050;0.632;-0.774;-0.041;0.775;0.630;-0.998;0.000;-0.064
31.637;-42.141;2.080;-17.641;0.261;0.696;-0.669;-0.253;0.718;0.648;-0.932;0.000;-0.364
31.739;-42.141;2.080;-17.641;0.363;0.696;-0.619;-0.352;0.718;0.600;-0.862;0.000;-0.506
31.839;-42.141;2.080;-17.641;0.396;0.696;-0.599;-0.384;0.718;0.581;-0.834;0.000;-0.551
31.941;-42.141;2.080;-17.641;0.403;0.721;-0.564;-0.419;0.693;0.586;-0.814;0.000;-0.581
32.044;-42.141;2.080;-17.641;0.401;0.727;-0.556;-0.426;0.686;0.590;-0.811;0.000;-0.585
32.149;-42.141;2.080;-17.641;0.373;0.702;-0.607;-0.367;0.713;0.598;-0.852;0.000;-0.523
32.252;-42.141;2.080;-17.641;0.367;0.696;-0.617;-0.356;0.718;0.598;-0.859;0.000;-0.511
32.354;-42.141;2.080;-17.641;0.367;0.694;-0.619;-0.354;0.720;0.597;-0.860;0.000;-0.510
32.457;-42.141;2.080;-17.641;0.366;0.692;-0.622;-0.351;0.722;0.597;-0.862;0.000;-0.507
32.558;-42.141;2.080;-17.641;0.366;0.692;-0.622;-0.351;0.722;0.597;-0.862;0.000;-0.507
32.660;-42.141;2.080;-17.641;0.366;0.692;-0.622;-0.351;0.722;0.597;-0.862;0.000;-0.507
32.762;-42.141;2.080;-17.641;0.390;0.695;-0.604;-0.377;0.719;0.584;-0.841;0.000;-0.542
32.866;-42.141;2.080;-17.641;0.399;0.728;-0.557;-0.424;0.685;0.592;-0.813;0.000;-0.582
32.970;-42.141;2.080;-17.641;0.403;0.742;-0.536;-0.446;0.670;0.593;-0.799;0.000;-0.601
33.072;-42.141;2.080;-17.641;0.403;0.742;-0.536;-0.446;0.670;0.593;-0.799;0.000;-0.601
33.174;-42.141;2.080;-17.641;0.403;0.742;-0.536;-0.446;0.670;0.593;-0.799;0.000;-0.601
33.433;-42.141;2.080;-17.641;0.403;0.742;-0.536;-0.446;0.670;0.593;-0.799;0.000;-0.601
33.533;-42.141;2.080;-17.641;0.403;0.742;-0.536;-0.446;0.670;0.593;-0.799;0.000;-0.601
33.634;-42.141;2.080;-17.641;0.403;0.742;-0.536;-0.446;0.670;0.593;-0.799;0.000;-0.601
33.737;-42.141;2.080;-17.641;0.403;0.742;-0.536;-0.446;0.670;0.593;-0.799;0.000;-0.601
33.840;-42.141;2.080;-17.641;0.403;0.742;-0.536;-0.446;0.670;0.593;-0.799;0.000;-0.601
33.943;-42.141;2.080;-17.641;0.403;0.742;-0.536;-0.446;0.670;0.593;-0.799;0.000;-0.601
34.045;-42.141;2.080;-17.641;0.403;0.742;-0.536;-0.446;0.670;0.593;-0.799;0.000;-0.601
34.148;-42.141;2.080;-17.641;0.403;0.742;-0.536;-0.446;0.670;0.593;-0.799;0.000;-0.601
34.252;-42.141;2.080;-17.641;0.403;0.742;-0.536;-0.446;0.670;0.593;-0.799;0.000;-0.601
34.353;-42.141;2.080;-17.641;0.403;0.742;-0.536;-0.446;0.670;0.593;-0.799;0.000;-0.601
34.454;-42.141;2.080;-17.641;0.403;0.742;-0.536;-0.446;0.670;0.593;-0.799;0.000;-0.601
34.556;-42.141;2.080;-17.641;0.403;0.742;-0.536;-0.446;0.670;0.593;-0.799;0.000;-0.601
34.657;-42.141;2.080;-17.641;0.403;0.742;-0.536;-0.446;0.670;0.593;-0.799;0.000;-0.601
34.758;-42.141;2.080;-17.641;0.403;0.742;-0.536;-0.446;0.670;0.593;-0.799;0.000;-0.601
34.861;-42.141;2.080;-17.641;0.403;0.742;-0.536;-0.446;0.670;0.593;-0.799;0.000;-0.601
35.092;-42.141;2.080;-17.641;0.403;0.742;-0.536;-0.446;0.670;0.593;-0.799;0.000;-0.601
