1.785;-44.610;2.005;-86.050;0.000;0.000;1.000;0.000;1.000;0.000;1.000;0.000;0.000
2.331;-44.610;2.005;-86.050;0.716;-0.091;0.692;0.065;0.996;0.063;0.695;0.000;-0.719
2.874;-44.610;2.005;-86.050;0.872;-0.094;0.481;0.083;0.996;0.046;0.483;0.000;-0.876
3.417;-44.610;2.005;-86.050;0.792;-0.090;0.603;0.072;0.996;0.055;0.606;0.000;-0.796
3.958;-44.610;2.005;-86.050;0.775;-0.132;0.619;0.103;0.991;0.082;0.624;0.000;-0.781
4.502;-44.389;2.080;-85.866;0.740;-0.127;0.661;0.095;0.992;0.085;0.666;0.000;-0.746
5.047;-43.719;2.080;-85.011;0.571;-0.167;0.804;0.097;0.986;0.137;0.815;0.000;-0.579
5.592;-43.086;2.080;-84.124;0.636;-0.187;0.749;0.121;0.982;0.143;0.762;0.000;-0.647
6.137;-42.081;2.080;-83.790;0.886;-0.216;0.411;0.196;0.977;0.091;0.420;0.000;-0.907
6.682;-41.899;2.165;-83.342;0.886;-0.216;0.411;0.196;0.977;0.091;0.420;0.000;-0.907
7.232;-41.516;3.117;-82.692;0.464;-0.284;0.839;0.138;0.959;0.249;0.875;0.000;-0.484
7.777;-40.689;2.481;-82.011;0.882;-0.228;0.412;0.207;0.974;0.096;0.423;0.000;-0.906
8.319;-39.666;2.476;-81.632;0.940;-0.082;0.332;0.078;0.997;0.027;0.333;0.000;-0.943
8.862;-39.037;2.476;-81.409;0.939;-0.079;0.333;0.074;0.997;0.026;0.335;0.000;-0.942
9.404;-38.534;2.476;-81.231;0.939;-0.079;0.333;0.074;0.997;0.026;0.335;0.000;-0.942
9.947;-37.511;2.476;-80.866;0.939;-0.078;0.335;0.074;0.997;0.026;0.336;0.000;-0.942
10.494;-36.489;2.476;-80.502;0.939;-0.078;0.335;0.074;0.997;0.026;0.336;0.000;-0.942
11.036;-35.458;2.475;-80.134;0.939;-0.078;0.335;0.074;0.997;0.026;0.336;0.000;-0.942
11.580;-34.435;2.475;-79.769;0.939;-0.078;0.335;0.074;0.997;0.026;0.336;0.000;-0.942
12.121;-33.416;2.475;-79.405;0.939;-0.078;0.335;0.074;0.997;0.026;0.336;0.000;-0.942
12.663;-32.394;2.475;-79.041;0.939;-0.078;0.335;0.074;0.997;0.026;0.336;0.000;-0.942
13.205;-31.372;2.475;-78.678;0.949;-0.078;0.306;0.074;0.997;0.024;0.306;0.000;-0.952
13.749;-30.316;2.474;-78.434;0.986;-0.046;0.160;0.045;0.999;0.007;0.160;0.000;-0.987
14.291;-29.245;2.474;-78.261;0.986;-0.046;0.160;0.045;0.999;0.007;0.160;0.000;-0.987
14.833;-28.175;2.474;-78.087;0.986;-0.046;0.160;0.045;0.999;0.007;0.160;0.000;-0.987
15.377;-27.100;2.474;-77.913;0.986;-0.046;0.160;0.045;0.999;0.007;0.160;0.000;-0.987
15.921;-26.027;2.474;-77.739;0.986;-0.046;0.160;0.045;0.999;0.007;0.160;0.000;-0.987
16.463;-24.957;2.474;-77.565;0.986;-0.043;0.163;0.043;0.999;0.007;0.163;0.000;-0.987
17.006;-23.886;2.474;-77.387;0.986;-0.043;0.164;0.042;0.999;0.007;0.164;0.000;-0.986
17.554;-22.815;2.474;-77.209;0.986;-0.043;0.164;0.042;0.999;0.007;0.164;0.000;-0.986
18.098;-21.730;2.469;-77.029;0.986;-0.043;0.164;0.042;0.999;0.007;0.164;0.000;-0.986
18.642;-20.662;2.467;-76.827;0.960;-0.032;0.279;0.031;0.999;0.009;0.279;0.000;-0.960
19.186;-19.746;2.467;-76.274;0.742;-0.053;0.668;0.039;0.999;0.035;0.669;0.000;-0.743
19.730;-18.960;2.467;-75.521;0.627;-0.053;0.777;0.034;0.999;0.042;0.778;0.000;-0.628
20.276;-18.487;2.466;-74.546;0.283;-0.094;0.954;0.027;0.996;0.090;0.959;0.000;-0.284
20.821;-18.198;2.464;-73.496;0.264;-0.100;0.959;0.026;0.995;0.096;0.964;0.000;-0.265
21.365;-17.943;2.460;-72.438;0.117;-0.112;0.987;0.013;0.994;0.112;0.993;0.000;-0.118
21.911;-17.826;2.460;-71.356;0.106;-0.113;0.988;0.012;0.994;0.113;0.994;0.000;-0.106
22.456;-17.709;2.459;-70.269;0.106;-0.113;0.988;0.012;0.994;0.113;0.994;0.000;-0.106
22.997;-17.594;2.457;-69.193;0.106;-0.113;0.988;0.012;0.994;0.113;0.994;0.000;-0.106
23.541;-17.478;2.455;-68.113;0.106;-0.113;0.988;0.012;0.994;0.113;0.994;0.000;-0.106
24.084;-17.363;2.453;-67.031;0.106;-0.113;0.988;0.012;0.994;0.113;0.994;0.000;-0.106
24.629;-17.251;2.453;-65.982;0.091;-0.118;0.989;0.011;0.993;0.118;0.996;0.000;-0.092
25.174;-17.256;2.453;-65.829;-0.323;0.004;0.946;0.001;1.000;-0.004;0.946;0.000;0.323
25.716;-17.256;2.453;-65.829;0.173;0.422;0.890;-0.081;0.906;-0.415;0.982;0.000;-0.191
26.258;-17.256;2.453;-65.829;0.361;0.530;0.767;-0.226;0.848;-0.480;0.905;0.000;-0.426
26.800;-17.256;2.453;-65.829;0.389;0.540;0.746;-0.250;0.842;-0.479;0.887;0.000;-0.462
27.342;-17.256;2.453;-65.829;-0.273;-0.033;0.961;-0.009;0.999;0.032;0.962;0.000;0.273
27.885;-17.256;2.449;-65.829;-0.811;-0.094;0.578;-0.076;0.996;0.054;0.580;0.000;0.814
28.431;-17.256;2.445;-65.829;-0.870;-0.106;0.481;-0.092;0.994;0.051;0.484;0.000;0.875
28.973;-17.256;2.442;-65.829;-0.305;-0.202;0.931;-0.063;0.979;0.192;0.950;0.000;0.311
29.515;-17.256;2.440;-65.829;-0.185;-0.230;0.955;-0.044;0.973;0.226;0.982;0.000;0.191
30.057;-17.256;2.440;-65.829;-0.395;-0.196;0.898;-0.079;0.981;0.179;0.915;0.000;0.403
30.599;-17.256;2.440;-65.829;-0.414;-0.197;0.889;-0.083;0.980;0.178;0.906;0.000;0.422
31.142;-17.256;2.440;-65.829;-0.411;-0.195;0.890;-0.082;0.981;0.177;0.908;0.000;0.420
31.688;-17.256;2.440;-65.829;-0.411;-0.195;0.890;-0.082;0.981;0.177;0.908;0.000;0.420
32.230;-17.256;2.440;-65.829;-0.411;-0.195;0.890;-0.082;0.981;0.177;0.908;0.000;0.420
32.773;-17.256;2.440;-65.829;-0.047;-0.085;0.995;-0.004;0.996;0.085;0.999;0.000;0.047
33.316;-17.256;2.440;-65.829;-0.047;-0.085;0.995;-0.004;0.996;0.085;0.999;0.000;0.047
33.857;-17.256;2.439;-65.829;0.314;0.262;0.913;-0.085;0.965;-0.247;0.946;0.000;-0.325
34.399;-17.256;2.436;-65.829;0.270;0.526;0.806;-0.167;0.850;-0.499;0.948;0.000;-0.318
34.940;-17.256;2.436;-65.829;0.304;0.393;0.868;-0.130;0.920;-0.371;0.944;0.000;-0.331
35.482;-17.256;2.436;-65.829;-0.399;-0.521;0.754;-0.244;0.853;0.461;0.884;0.000;0.468
36.023;-17.256;2.431;-65.829;-0.608;-0.486;0.627;-0.338;0.874;0.349;0.718;0.000;0.696
36.568;-17.256;2.431;-65.829;-0.783;-0.282;0.555;-0.230;0.960;0.163;0.578;0.000;0.816
37.111;-17.256;2.431;-65.829;-0.812;-0.158;0.561;-0.130;0.987;0.090;0.568;0.000;0.823
37.657;-17.256;2.429;-65.829;-0.812;-0.158;0.561;-0.130;0.987;0.090;0.568;0.000;0.823
38.202;-17.256;2.429;-65.829;-0.812;-0.158;0.561;-0.130;0.987;0.090;0.568;0.000;0.823
38.743;-17.256;2.421;-65.829;-0.812;-0.158;0.561;-0.130;0.987;0.090;0.568;0.000;0.823
39.285;-17.256;2.419;-65.829;-0.812;-0.158;0.561;-0.130;0.987;0.090;0.568;0.000;0.823
39.828;-17.256;2.416;-65.829;-0.812;-0.158;0.561;-0.130;0.987;0.090;0.568;0.000;0.823
40.370;-17.256;2.416;-65.829;-0.812;-0.158;0.561;-0.130;0.987;0.090;0.568;0.000;0.823
40.912;-17.256;2.416;-65.829;-0.812;-0.158;0.561;-0.130;0.987;0.090;0.568;0.000;0.823
41.453;-17.256;2.416;-65.829;-0.812;-0.158;0.561;-0.130;0.987;0.090;0.568;0.000;0.823
41.996;-17.256;2.415;-65.829;-0.144;-0.210;0.967;-0.031;0.978;0.208;0.989;0.000;0.147
42.539;-17.256;2.414;-65.829;-0.120;-0.208;0.971;-0.026;0.978;0.206;0.992;0.000;0.123
43.084;-17.256;2.412;-65.829;0.354;-0.226;0.907;0.082;0.974;0.210;0.932;0.000;-0.364
43.626;-17.256;2.410;-65.829;-0.801;-0.210;0.561;-0.172;0.978;0.120;0.574;0.000;0.819
44.171;-17.256;2.410;-65.829;-0.884;-0.238;0.402;-0.216;0.971;0.099;0.414;0.000;0.910
44.716;-17.256;2.409;-65.829;-0.026;-0.231;0.973;-0.006;0.973;0.231;1.000;0.000;0.027
45.262;-17.261;2.409;-65.625;-0.024;-0.232;0.972;-0.006;0.973;0.232;1.000;0.000;0.025
45.803;-17.287;2.409;-64.557;-0.016;-0.237;0.971;-0.004;0.971;0.237;1.000;0.000;0.017
46.346;-16.997;2.407;-63.523;0.465;-0.296;0.834;0.144;0.955;0.259;0.874;0.000;-0.487
46.889;-16.498;2.402;-62.886;0.747;-0.313;0.586;0.247;0.950;0.193;0.617;0.000;-0.787
47.432;-16.498;2.389;-62.886;0.896;-0.386;0.219;0.375;0.923;0.091;0.237;0.000;-0.972
47.974;-16.498;2.385;-62.886;0.923;-0.372;0.099;0.370;0.928;0.040;0.107;0.000;-0.994
48.517;-16.498;2.379;-62.886;0.881;-0.372;0.291;0.354;0.928;0.117;0.314;0.000;-0.949
49.060;-15.942;2.379;-62.705;0.883;-0.371;0.287;0.353;0.928;0.115;0.310;0.000;-0.951
49.602;-14.909;2.379;-62.380;0.896;-0.369;0.246;0.356;0.929;0.098;0.265;0.000;-0.964
50.146;-13.834;2.700;-62.256;0.914;-0.402;-0.061;0.401;0.916;-0.027;-0.067;0.000;-0.998
50.690;-13.562;2.887;-62.490;0.892;-0.421;-0.164;0.414;0.907;-0.076;-0.181;0.000;-0.984
51.244;-13.557;2.859;-62.507;0.653;-0.753;-0.077;0.748;0.658;-0.088;-0.117;0.000;-0.993
51.785;-13.557;2.856;-62.507;0.618;-0.768;-0.168;0.741;0.641;-0.201;-0.262;0.000;-0.965
52.328;-13.557;2.856;-62.507;0.606;-0.774;-0.185;0.740;0.633;-0.227;-0.293;0.000;-0.956
52.869;-13.557;2.856;-62.507;0.606;-0.773;-0.185;0.740;0.634;-0.226;-0.292;0.000;-0.956
53.419;-13.778;2.522;-63.236;0.620;-0.765;-0.171;0.738;0.644;-0.204;-0.266;0.000;-0.964
53.962;-13.797;2.485;-63.418;0.801;-0.574;0.169;0.562;0.819;0.118;0.206;0.000;-0.979
54.506;-13.797;2.483;-63.418;0.837;-0.463;0.291;0.438;0.886;0.152;0.328;0.000;-0.945
55.051;-13.763;2.483;-63.406;0.837;-0.466;0.287;0.441;0.885;0.151;0.325;0.000;-0.946
55.596;-12.868;2.855;-63.100;0.837;-0.468;0.285;0.443;0.884;0.151;0.322;0.000;-0.947
56.137;-12.335;3.457;-62.920;0.837;-0.468;0.283;0.444;0.884;0.150;0.320;0.000;-0.947
56.679;-12.249;3.455;-62.932;0.762;-0.633;-0.135;0.623;0.774;-0.111;-0.175;0.000;-0.985
57.222;-11.235;3.781;-63.142;0.751;-0.641;-0.158;0.627;0.768;-0.132;-0.205;0.000;-0.979
