Time;PositionX;PositionY;PositionZ;DirectionX;DirectionY;DirectionZ;UpX;UpY;UpZ;RightX;RightY;RightZ
3.052;-18.000;4.496;-39.400;0.000;0.000;1.000;0.000;1.000;0.000;1.000;0.000;0.000
3.198;-18.000;4.420;-39.400;0.000;0.000;1.000;0.000;1.000;0.000;1.000;0.000;0.000
3.305;-18.000;4.083;-39.400;0.000;0.000;1.000;0.000;1.000;0.000;1.000;0.000;0.000
3.457;-18.000;3.770;-39.400;0.000;0.000;1.000;0.000;1.000;0.000;1.000;0.000;0.000
3.642;-18.000;2.903;-39.400;0.000;0.000;1.000;0.000;1.000;0.000;1.000;0.000;0.000
3.743;-18.000;2.358;-39.400;0.000;0.000;1.000;0.000;1.000;0.000;1.000;0.000;0.000
3.870;-18.000;2.252;-39.400;0.000;0.000;1.000;0.000;1.000;0.000;1.000;0.000;0.000
4.023;-18.000;2.187;-39.400;0.000;0.000;1.000;0.000;1.000;0.000;1.000;0.000;0.000
4.124;-18.000;2.101;-39.400;0.000;0.000;1.000;0.000;1.000;0.000;1.000;0.000;0.000
4.241;-18.000;2.080;-39.400;0.000;0.000;1.000;0.000;1.000;0.000;1.000;0.000;0.000
4.398;-18.000;2.080;-39.400;0.000;0.000;1.000;0.000;1.000;0.000;1.000;0.000;0.000
4.499;-18.000;2.080;-39.400;0.000;0.000;1.000;0.000;1.000;0.000;1.000;0.000;0.000
4.622;-18.000;2.080;-39.400;0.000;0.000;1.000;0.000;1.000;0.000;1.000;0.000;0.000
4.772;-18.000;2.080;-39.400;0.000;0.000;1.000;0.000;1.000;0.000;1.000;0.000;0.000
4.925;-18.000;2.080;-39.400;0.000;0.000;1.000;0.000;1.000;0.000;1.000;0.000;0.000
5.045;-18.000;2.080;-39.400;0.000;0.000;1.000;0.000;1.000;0.000;1.000;0.000;0.000
5.165;-18.000;2.080;-39.400;0.000;0.000;1.000;0.000;1.000;0.000;1.000;0.000;0.000
5.285;-18.000;2.080;-39.400;0.000;0.000;1.000;0.000;1.000;0.000;1.000;0.000;0.000
5.405;-18.000;2.080;-39.400;0.000;0.000;1.000;0.000;1.000;0.000;1.000;0.000;0.000
5.524;-18.000;2.080;-39.400;0.000;0.000;1.000;0.000;1.000;0.000;1.000;0.000;0.000
5.644;-18.000;2.080;-39.400;0.000;0.000;1.000;0.000;1.000;0.000;1.000;0.000;0.000
5.765;-18.000;2.080;-39.400;0.000;0.000;1.000;0.000;1.000;0.000;1.000;0.000;0.000
5.886;-18.000;2.080;-39.400;0.000;0.000;1.000;0.000;1.000;0.000;1.000;0.000;0.000
6.009;-18.000;2.080;-39.400;0.000;0.000;1.000;0.000;1.000;0.000;1.000;0.000;0.000
6.136;-18.000;2.080;-39.400;0.000;0.000;1.000;0.000;1.000;0.000;1.000;0.000;0.000
6.270;-18.000;2.080;-39.400;0.000;0.000;1.000;0.000;1.000;0.000;1.000;0.000;0.000
6.415;-18.000;2.080;-39.400;0.000;0.000;1.000;0.000;1.000;0.000;1.000;0.000;0.000
6.563;-18.000;2.080;-39.400;0.188;-0.977;0.103;0.857;0.214;0.468;0.479;0.000;-0.878
6.701;-18.000;2.080;-39.400;0.197;-0.961;0.193;0.686;0.276;0.673;0.701;0.000;-0.714
6.819;-18.000;2.080;-39.400;0.183;-0.958;0.221;0.610;0.287;0.739;0.771;0.000;-0.636
6.939;-18.000;2.080;-39.400;0.193;-0.945;0.266;0.555;0.328;0.764;0.809;0.000;-0.588
7.086;-18.000;2.080;-39.400;0.486;-0.512;0.709;0.289;0.859;0.422;0.825;0.000;-0.565
7.219;-18.000;2.080;-39.400;0.648;-0.150;0.747;0.098;0.989;0.113;0.756;0.000;-0.655
7.413;-18.000;2.080;-39.400;0.667;-0.013;0.745;0.009;1.000;0.010;0.745;0.000;-0.667
7.581;-18.161;2.080;-39.258;0.657;0.040;0.752;-0.026;0.999;-0.030;0.753;0.000;-0.658
7.775;-18.407;2.080;-38.803;0.621;0.040;0.783;-0.025;0.999;-0.031;0.783;0.000;-0.622
7.950;-18.676;2.080;-38.110;0.367;-0.074;0.927;0.027;0.997;0.069;0.930;0.000;-0.368
8.053;-19.070;2.080;-37.905;-0.441;-0.370;0.818;-0.176;0.929;0.326;0.880;0.000;0.475
8.176;-19.576;2.080;-37.663;-0.550;-0.397;0.734;-0.238;0.918;0.318;0.800;0.000;0.600
8.335;-20.004;2.080;-37.615;-0.610;-0.412;0.677;-0.276;0.911;0.306;0.743;0.000;0.670
8.447;-20.535;2.080;-37.598;-0.638;-0.412;0.651;-0.289;0.911;0.294;0.714;0.000;0.700
8.572;-20.982;2.080;-37.837;-0.647;-0.412;0.641;-0.293;0.911;0.290;0.704;0.000;0.711
8.739;-21.258;2.080;-38.103;-0.791;-0.274;0.546;-0.225;0.962;0.156;0.568;0.000;0.823
8.851;-21.589;2.080;-38.431;-0.852;-0.252;0.459;-0.222;0.968;0.119;0.475;0.000;0.880
8.980;-22.012;2.080;-38.847;-0.877;-0.233;0.419;-0.211;0.972;0.101;0.431;0.000;0.902
9.147;-22.497;2.080;-39.020;-0.879;-0.233;0.415;-0.211;0.972;0.100;0.427;0.000;0.904
9.262;-23.024;2.080;-39.209;-0.879;-0.233;0.415;-0.211;0.972;0.100;0.427;0.000;0.904
9.395;-23.670;2.080;-39.228;-0.648;-0.055;0.760;-0.036;0.998;0.042;0.761;0.000;0.649
9.552;-23.939;2.080;-38.968;-0.357;0.036;0.934;0.013;0.999;-0.033;0.934;0.000;0.357
9.731;-24.142;2.080;-38.478;-0.300;0.036;0.953;0.011;0.999;-0.034;0.954;0.000;0.300
9.908;-24.465;2.080;-38.011;-0.248;0.036;0.968;0.009;0.999;-0.034;0.969;0.000;0.248
10.089;-25.060;2.080;-37.606;-0.253;0.036;0.967;0.009;0.999;-0.034;0.967;0.000;0.253
10.191;-25.503;2.080;-37.388;-0.371;0.017;0.929;0.006;1.000;-0.016;0.929;0.000;0.371
10.318;-26.080;2.080;-37.155;-0.391;0.017;0.920;0.007;1.000;-0.016;0.920;0.000;0.391
10.485;-26.567;2.080;-36.958;-0.391;0.017;0.920;0.007;1.000;-0.016;0.920;0.000;0.391
10.594;-27.073;2.080;-36.754;-0.391;0.017;0.920;0.007;1.000;-0.016;0.920;0.000;0.391
10.710;-27.697;2.080;-36.502;-0.391;0.017;0.920;0.007;1.000;-0.016;0.920;0.000;0.391
10.862;-28.097;2.080;-36.341;-0.391;0.017;0.920;0.007;1.000;-0.016;0.920;0.000;0.391
11.045;-28.619;2.080;-35.978;-0.391;0.017;0.920;0.007;1.000;-0.016;0.920;0.000;0.391
11.230;-28.893;2.080;-35.495;-0.391;0.017;0.920;0.007;1.000;-0.016;0.920;0.000;0.391
11.330;-29.031;2.080;-35.171;-0.391;0.017;0.920;0.007;1.000;-0.016;0.920;0.000;0.391
11.450;-29.209;2.080;-34.751;-0.391;0.017;0.920;0.007;1.000;-0.016;0.920;0.000;0.391
11.604;-29.326;2.080;-34.475;-0.391;0.017;0.920;0.007;1.000;-0.016;0.920;0.000;0.391
11.787;-29.734;2.080;-34.051;-0.391;0.017;0.920;0.007;1.000;-0.016;0.920;0.000;0.391
11.975;-30.373;2.080;-33.705;-0.391;0.017;0.920;0.007;1.000;-0.016;0.920;0.000;0.391
12.159;-30.759;2.080;-33.259;-0.391;0.017;0.920;0.007;1.000;-0.016;0.920;0.000;0.391
12.260;-30.896;2.080;-32.936;-0.391;0.017;0.920;0.007;1.000;-0.016;0.920;0.000;0.391
12.373;-31.222;2.080;-32.575;-0.391;0.017;0.920;0.007;1.000;-0.016;0.920;0.000;0.391
12.528;-31.524;2.080;-32.384;-0.391;0.017;0.920;0.007;1.000;-0.016;0.920;0.000;0.391
12.628;-31.991;2.080;-32.187;-0.391;0.017;0.920;0.007;1.000;-0.016;0.920;0.000;0.391
12.746;-32.376;2.080;-31.899;-0.391;0.017;0.920;0.007;1.000;-0.016;0.920;0.000;0.391
12.900;-32.579;2.080;-31.613;-0.391;0.017;0.920;0.007;1.000;-0.016;0.920;0.000;0.391
13.002;-32.719;2.080;-31.285;-0.391;0.017;0.920;0.007;1.000;-0.016;0.920;0.000;0.391
13.122;-33.053;2.080;-30.919;-0.391;0.017;0.920;0.007;1.000;-0.016;0.920;0.000;0.391
13.283;-33.379;2.080;-30.719;-0.391;0.017;0.920;0.007;1.000;-0.016;0.920;0.000;0.391
13.386;-33.876;2.080;-30.541;-0.425;-0.003;0.905;-0.001;1.000;0.002;0.905;0.000;0.425
13.509;-34.501;2.080;-30.310;-0.419;-0.003;0.908;-0.001;1.000;0.002;0.908;0.000;0.419
13.669;-34.922;2.080;-30.154;-0.416;-0.003;0.909;-0.001;1.000;0.002;0.909;0.000;0.416
13.858;-35.462;2.080;-29.786;-0.408;-0.003;0.913;-0.001;1.000;0.002;0.913;0.000;0.408
13.963;-35.663;2.080;-29.468;-0.408;-0.003;0.913;-0.001;1.000;0.002;0.913;0.000;0.408
14.081;-35.857;2.080;-29.036;-0.408;-0.008;0.913;-0.003;1.000;0.007;0.913;0.000;0.408
14.240;-35.979;2.080;-28.761;-0.408;-0.008;0.913;-0.003;1.000;0.007;0.913;0.000;0.408
14.340;-36.128;2.080;-28.428;-0.408;-0.015;0.913;-0.006;1.000;0.014;0.913;0.000;0.408
14.456;-36.317;2.080;-28.005;-0.408;-0.015;0.913;-0.006;1.000;0.014;0.913;0.000;0.408
14.611;-36.437;2.080;-27.737;-0.408;-0.015;0.913;-0.006;1.000;0.014;0.913;0.000;0.408
14.790;-36.657;2.080;-27.233;-0.396;-0.018;0.918;-0.007;1.000;0.016;0.918;0.000;0.396
14.975;-36.911;2.080;-26.746;-0.387;-0.029;0.921;-0.011;1.000;0.027;0.922;0.000;0.387
15.153;-37.409;2.080;-26.361;-0.377;-0.044;0.925;-0.017;0.999;0.041;0.926;0.000;0.377
15.330;-38.093;2.080;-26.073;-0.377;-0.044;0.925;-0.017;0.999;0.041;0.926;0.000;0.377
15.511;-38.801;2.080;-25.763;-0.364;-0.044;0.930;-0.016;0.999;0.041;0.931;0.000;0.364
15.687;-39.307;2.080;-25.389;-0.357;-0.044;0.933;-0.016;0.999;0.041;0.934;0.000;0.358
15.859;-39.554;2.080;-24.924;-0.349;-0.055;0.935;-0.019;0.998;0.052;0.937;0.000;0.350
16.024;-39.724;2.080;-24.466;-0.344;-0.055;0.937;-0.019;0.998;0.052;0.939;0.000;0.345
16.188;-39.925;2.080;-24.010;-0.344;-0.055;0.937;-0.019;0.998;0.052;0.939;0.000;0.345
16.350;-40.334;2.080;-23.633;-0.334;-0.055;0.941;-0.019;0.998;0.052;0.942;0.000;0.335
16.505;-40.936;2.080;-23.313;-0.299;-0.063;0.952;-0.019;0.998;0.060;0.954;0.000;0.299
16.683;-41.563;2.080;-22.976;-0.282;-0.066;0.957;-0.019;0.998;0.064;0.959;0.000;0.282
16.835;-42.171;2.080;-22.630;-0.242;-0.074;0.968;-0.018;0.997;0.072;0.970;0.000;0.242
16.935;-42.475;2.080;-22.379;-0.231;-0.074;0.970;-0.017;0.997;0.072;0.973;0.000;0.231
17.039;-42.685;2.080;-21.986;-0.065;-0.088;0.994;-0.006;0.996;0.088;0.998;0.000;0.066
17.182;-42.691;2.080;-21.725;0.041;-0.105;0.994;0.004;0.994;0.105;0.999;0.000;-0.041
17.348;-42.649;2.080;-21.231;0.097;-0.107;0.990;0.010;0.994;0.106;0.995;0.000;-0.098
17.516;-42.578;2.080;-20.737;0.142;-0.113;0.983;0.016;0.994;0.112;0.990;0.000;-0.143
17.672;-42.496;2.080;-20.239;0.164;-0.113;0.980;0.019;0.994;0.112;0.986;0.000;-0.165
17.777;-42.441;2.080;-19.912;0.164;-0.113;0.980;0.019;0.994;0.112;0.986;0.000;-0.165
17.885;-42.512;2.080;-19.455;0.164;-0.113;0.980;0.019;0.994;0.112;0.986;0.000;-0.165
